time;open;high;low;close;volume
2020-01-02;30.700000762939453;30.760000228881836;30.40999984741211;30.729999542236328;1415100
2020-01-03;30.25;30.760000228881836;30.100000381469727;30.5;1463000
2020-01-06;30.200000762939453;30.739999771118164;30.110000610351562;30.700000762939453;1248800
2020-01-07;30.84000015258789;30.84000015258789;30.3700008392334;30.56999969482422;761800
2020-01-08;30.610000610351562;31.1299991607666;30.59000015258789;30.690000534057617;1164300
2020-01-09;30.8799991607666;30.920000076293945;30.3799991607666;30.90999984741211;1143100
2020-01-10;30.850000381469727;31.0;30.290000915527344;30.3700008392334;507100
2020-01-13;30.360000610351562;30.360000610351562;29.770000457763672;29.959999084472656;1580700
2020-01-14;29.920000076293945;29.920000076293945;29.450000762939453;29.579999923706055;1618500
2020-01-15;29.6299991607666;30.1200008392334;29.43000030517578;29.579999923706055;1724800
2020-01-16;29.899999618530273;30.389999389648438;29.799999237060547;29.959999084472656;780400
2020-01-17;30.1200008392334;30.1200008392334;29.459999084472656;29.579999923706055;1556600
2020-01-21;29.469999313354492;29.559999465942383;28.75;28.889999389648438;1404600
2020-01-22;28.8700008392334;29.100000381469727;28.450000762939453;28.549999237060547;1500900
2020-01-23;28.389999389648438;28.450000762939453;28.030000686645508;28.270000457763672;1723400
2020-01-24;28.3799991607666;28.450000762939453;27.59000015258789;27.93000030517578;1534800
2020-01-27;27.239999771118164;27.639999389648438;27.030000686645508;27.510000228881836;1499900
2020-01-28;27.739999771118164;28.15999984741211;27.610000610351562;28.030000686645508;1111300
2020-01-29;27.989999771118164;28.079999923706055;27.579999923706055;27.579999923706055;876800
2020-01-30;27.280000686645508;27.68000030517578;27.0;27.420000076293945;852300
2020-01-31;27.280000686645508;27.5;27.049999237060547;27.200000762939453;1720400
2020-02-03;27.25;28.309999465942383;27.200000762939453;28.139999389648438;1425100
2020-02-04;28.559999465942383;28.989999771118164;28.510000228881836;28.690000534057617;1234000
2020-02-05;29.020000457763672;29.139999389648438;28.6200008392334;29.09000015258789;1027500
2020-02-06;29.25;29.739999771118164;29.149999618530273;29.700000762939453;1072000
2020-02-07;29.559999465942383;29.68000030517578;29.139999389648438;29.18000030517578;1132300
2020-02-10;29.1299991607666;29.959999084472656;29.010000228881836;29.799999237060547;1257200
2020-02-11;30.079999923706055;30.799999237060547;29.90999984741211;30.049999237060547;1484600
2020-02-12;30.25;30.690000534057617;30.079999923706055;30.6200008392334;1011900
2020-02-13;30.25;31.010000228881836;30.25;30.979999542236328;1457900
2020-02-14;30.959999084472656;31.09000015258789;30.469999313354492;30.670000076293945;1493900
2020-02-18;30.440000534057617;30.479999542236328;29.850000381469727;30.18000030517578;1669000
2020-02-19;30.260000228881836;31.020000457763672;30.239999771118164;30.770000457763672;1501600
2020-02-20;30.100000381469727;31.920000076293945;29.920000076293945;31.290000915527344;2710300
2020-02-21;31.239999771118164;31.239999771118164;30.149999618530273;31.100000381469727;1661100
2020-02-24;29.799999237060547;30.40999984741211;29.6299991607666;29.790000915527344;1375500
2020-02-25;29.8700008392334;29.899999618530273;28.110000610351562;28.18000030517578;2522900
2020-02-26;28.34000015258789;28.670000076293945;27.420000076293945;27.459999084472656;2054400
2020-02-27;26.530000686645508;26.860000610351562;25.8700008392334;25.8799991607666;2038400
2020-02-28;24.850000381469727;26.040000915527344;24.510000228881836;25.959999084472656;2827900
2020-03-02;26.18000030517578;26.40999984741211;25.34000015258789;26.3799991607666;2231900
2020-03-03;26.5;26.959999084472656;25.360000610351562;25.790000915527344;1433300
2020-03-04;26.600000381469727;26.6299991607666;26.040000915527344;26.540000915527344;1294900
2020-03-05;25.760000228881836;25.8700008392334;24.09000015258789;24.309999465942383;2258400
2020-03-06;23.389999389648438;23.959999084472656;23.020000457763672;23.540000915527344;1863700
2020-03-09;20.719999313354492;21.350000381469727;18.979999542236328;19.030000686645508;3102500
2020-03-10;19.729999542236328;22.649999618530273;19.670000076293945;22.239999771118164;5631200
2020-03-11;21.579999923706055;22.18000030517578;19.989999771118164;20.670000076293945;2544400
2020-03-12;19.020000457763672;19.18000030517578;16.579999923706055;16.6200008392334;3618900
2020-03-13;17.65999984741211;18.270000457763672;16.020000457763672;18.170000076293945;2706300
2020-03-16;16.290000915527344;16.809999465942383;13.949999809265137;14.010000228881836;3144200
2020-03-17;14.34000015258789;15.3100004196167;13.1899995803833;15.270000457763672;3986500
2020-03-18;13.949999809265137;14.739999771118164;12.319999694824219;13.079999923706055;2407100
2020-03-19;12.979999542236328;14.5;12.0;13.920000076293945;2222800
2020-03-20;14.149999618530273;15.670000076293945;13.020000457763672;14.3100004196167;2846100
2020-03-23;14.25;16.059999465942383;13.960000038146973;15.34000015258789;2584700
2020-03-24;16.479999542236328;18.329999923706055;16.3700008392334;18.149999618530273;3038000
2020-03-25;18.469999313354492;20.540000915527344;17.549999237060547;19.649999618530273;2756300
2020-03-26;20.09000015258789;21.3700008392334;19.860000610351562;21.260000228881836;2143200
2020-03-27;20.8799991607666;21.1299991607666;19.68000030517578;20.229999542236328;2335800
2020-03-30;20.329999923706055;21.309999465942383;19.489999771118164;20.799999237060547;1987900
2020-03-31;20.559999465942383;21.049999237060547;20.309999465942383;20.68000030517578;1663300
2020-04-01;19.510000228881836;20.469999313354492;19.1200008392334;19.420000076293945;1336000
2020-04-02;19.219999313354492;20.530000686645508;19.020000457763672;19.860000610351562;1857700
2020-04-03;19.670000076293945;20.059999465942383;18.440000534057617;19.049999237060547;1109300
2020-04-06;20.40999984741211;21.040000915527344;20.09000015258789;20.889999389648438;1708700
2020-04-07;21.8700008392334;22.399999618530273;20.010000228881836;20.079999923706055;1720300
2020-04-08;20.6200008392334;21.31999969482422;20.059999465942383;21.020000457763672;1110100
2020-04-09;21.809999465942383;22.709999084472656;21.520000457763672;22.219999313354492;1373200
2020-04-13;22.0;22.15999984741211;21.059999465942383;21.709999084472656;1179900
2020-04-14;22.219999313354492;22.3799991607666;20.540000915527344;20.690000534057617;2041200
2020-04-15;19.860000610351562;20.1200008392334;19.0;19.270000457763672;1489100
2020-04-16;19.5;19.860000610351562;18.420000076293945;18.860000610351562;1976700
2020-04-17;19.530000686645508;19.790000915527344;19.040000915527344;19.739999771118164;2424300
2020-04-20;19.030000686645508;19.639999389648438;18.920000076293945;19.049999237060547;1282900
2020-04-21;18.34000015258789;18.610000610351562;18.110000610351562;18.350000381469727;1061900
2020-04-22;19.030000686645508;19.440000534057617;18.6200008392334;19.270000457763672;1087700
2020-04-23;19.40999984741211;19.75;19.15999984741211;19.479999542236328;1650700
2020-04-24;19.670000076293945;19.829999923706055;19.170000076293945;19.639999389648438;1042600
2020-04-27;20.290000915527344;20.84000015258789;19.6200008392334;20.65999984741211;2008500
2020-04-28;21.18000030517578;21.68000030517578;20.34000015258789;21.3700008392334;2037200
2020-04-29;21.940000534057617;22.3799991607666;21.139999389648438;21.40999984741211;2118900
2020-04-30;20.860000610351562;20.959999084472656;20.229999542236328;20.260000228881836;1972900
2020-05-01;19.690000534057617;19.950000762939453;19.170000076293945;19.610000610351562;2478400
2020-05-04;19.31999969482422;19.5;18.670000076293945;19.190000534057617;1578100
2020-05-05;19.639999389648438;19.719999313354492;19.1299991607666;19.15999984741211;1232300
2020-05-06;19.360000610351562;19.600000381469727;18.559999465942383;18.6200008392334;1571100
2020-05-07;19.09000015258789;19.690000534057617;18.920000076293945;19.610000610351562;1319800
2020-05-08;20.049999237060547;20.479999542236328;19.809999465942383;20.43000030517578;1577000
2020-05-11;20.06999969482422;20.139999389648438;19.399999618530273;19.940000534057617;1826300
2020-05-12;20.040000915527344;20.190000534057617;18.68000030517578;18.68000030517578;1613400
2020-05-13;18.420000076293945;18.639999389648438;17.31999969482422;17.459999084472656;2612600
2020-05-14;17.09000015258789;18.549999237060547;16.639999389648438;18.450000762939453;2932300
2020-05-15;18.309999465942383;18.920000076293945;18.200000762939453;18.8700008392334;1350800
2020-05-18;19.850000381469727;20.510000228881836;19.81999969482422;20.360000610351562;1591700
2020-05-19;20.219999313354492;20.729999542236328;20.06999969482422;20.06999969482422;1581600
2020-05-20;20.56999969482422;20.959999084472656;20.530000686645508;20.899999618530273;1563000
2020-05-21;20.81999969482422;21.100000381469727;20.700000762939453;20.780000686645508;1434800
2020-05-22;21.0;21.0;20.559999465942383;20.809999465942383;853300
2020-05-26;22.56999969482422;22.56999969482422;21.829999923706055;22.450000762939453;1623300
2020-05-27;23.09000015258789;23.31999969482422;22.459999084472656;23.059999465942383;1730500
2020-05-28;23.299999237060547;23.700000762939453;22.770000457763672;23.360000610351562;2342700
2020-05-29;23.139999389648438;23.579999923706055;22.700000762939453;23.450000762939453;2537900
2020-06-01;23.540000915527344;24.219999313354492;23.479999542236328;24.0;1436800
2020-06-02;24.270000457763672;24.979999542236328;24.149999618530273;24.940000534057617;1388800
2020-06-03;25.93000030517578;26.479999542236328;25.649999618530273;26.040000915527344;1724600
2020-06-04;25.709999084472656;26.190000534057617;25.6200008392334;25.739999771118164;1520900
2020-06-05;26.5;27.219999313354492;26.25;26.329999923706055;1427800
2020-06-08;26.850000381469727;27.079999923706055;26.639999389648438;26.950000762939453;977200
2020-06-09;26.3700008392334;26.8700008392334;25.950000762939453;26.489999771118164;838400
2020-06-10;26.540000915527344;26.739999771118164;25.059999465942383;25.559999465942383;1736200
2020-06-11;24.389999389648438;24.979999542236328;24.15999984741211;24.299999237060547;2682400
2020-06-12;25.479999542236328;25.479999542236328;24.139999389648438;24.780000686645508;1477900
2020-06-15;24.1299991607666;25.860000610351562;23.90999984741211;25.670000076293945;1381400
2020-06-16;26.899999618530273;27.639999389648438;25.56999969482422;25.84000015258789;1957000
2020-06-17;25.8799991607666;26.1299991607666;25.309999465942383;25.350000381469727;1573100
2020-06-18;25.010000228881836;25.420000076293945;24.510000228881836;24.6200008392334;1721600
2020-06-19;24.989999771118164;25.3799991607666;24.309999465942383;24.3700008392334;1906000
2020-06-22;24.299999237060547;24.299999237060547;23.68000030517578;24.18000030517578;1543400
2020-06-23;24.709999084472656;24.709999084472656;23.700000762939453;23.739999771118164;1251800
2020-06-24;23.360000610351562;23.43000030517578;22.399999618530273;22.479999542236328;1746700
2020-06-25;22.309999465942383;22.8700008392334;22.239999771118164;22.729999542236328;1844700
2020-06-26;22.520000457763672;22.690000534057617;22.09000015258789;22.139999389648438;2051900
2020-06-29;22.530000686645508;23.25;22.040000915527344;22.90999984741211;1349100
2020-06-30;22.729999542236328;22.950000762939453;22.229999542236328;22.549999237060547;1726400
2020-07-01;22.610000610351562;22.93000030517578;22.170000076293945;22.219999313354492;1267500
2020-07-02;22.75;23.459999084472656;22.3799991607666;22.540000915527344;1624100
2020-07-06;22.959999084472656;23.1299991607666;21.920000076293945;22.1200008392334;1368800
2020-07-07;21.81999969482422;22.170000076293945;21.329999923706055;21.34000015258789;1973900
2020-07-08;21.329999923706055;21.709999084472656;21.200000762939453;21.540000915527344;1287100
2020-07-09;21.5;21.549999237060547;20.479999542236328;20.979999542236328;1118800
2020-07-10;20.979999542236328;21.479999542236328;20.829999923706055;21.440000534057617;720900
2020-07-13;21.799999237060547;22.200000762939453;21.450000762939453;21.469999313354492;1276700
2020-07-14;21.5;22.1200008392334;21.34000015258789;22.1200008392334;1297800
2020-07-15;22.6200008392334;22.90999984741211;22.399999618530273;22.68000030517578;1249600
2020-07-16;22.59000015258789;22.809999465942383;22.299999237060547;22.510000228881836;826200
2020-07-17;22.530000686645508;22.709999084472656;22.280000686645508;22.420000076293945;798100
2020-07-20;22.25;22.479999542236328;22.059999465942383;22.110000610351562;802400
2020-07-21;22.479999542236328;23.049999237060547;22.34000015258789;22.440000534057617;1858500
2020-07-22;22.329999923706055;22.84000015258789;22.329999923706055;22.780000686645508;1205600
2020-07-23;22.649999618530273;22.860000610351562;22.399999618530273;22.459999084472656;1418800
2020-07-24;22.520000457763672;22.770000457763672;22.1200008392334;22.139999389648438;1302500
2020-07-27;22.1299991607666;22.420000076293945;21.90999984741211;22.40999984741211;1129700
2020-07-28;22.190000534057617;22.43000030517578;21.979999542236328;22.010000228881836;695500
2020-07-29;22.139999389648438;22.75;22.139999389648438;22.649999618530273;801300
2020-07-30;22.100000381469727;22.450000762939453;21.760000228881836;22.389999389648438;899100
2020-07-31;22.229999542236328;22.260000228881836;21.209999084472656;22.239999771118164;1567600
2020-08-03;22.3799991607666;23.06999969482422;22.25;22.889999389648438;1219000
2020-08-04;22.8700008392334;23.25;22.649999618530273;22.989999771118164;887000
2020-08-05;23.290000915527344;23.690000534057617;23.09000015258789;23.649999618530273;1793800
2020-08-06;23.290000915527344;23.520000457763672;21.489999771118164;22.559999465942383;2684700
2020-08-07;22.360000610351562;23.479999542236328;22.360000610351562;23.469999313354492;1367700
2020-08-10;23.469999313354492;23.68000030517578;23.149999618530273;23.350000381469727;1407600
2020-08-11;23.670000076293945;23.93000030517578;23.360000610351562;23.520000457763672;1214700
2020-08-12;23.81999969482422;23.940000534057617;23.229999542236328;23.399999618530273;1052900
2020-08-13;23.149999618530273;23.34000015258789;22.639999389648438;22.84000015258789;1320800
2020-08-14;22.600000381469727;22.889999389648438;22.56999969482422;22.579999923706055;1181300
2020-08-17;22.780000686645508;22.81999969482422;22.43000030517578;22.56999969482422;817500
2020-08-18;22.479999542236328;22.889999389648438;22.399999618530273;22.579999923706055;1366800
2020-08-19;23.860000610351562;24.850000381469727;23.309999465942383;24.520000457763672;3407800
2020-08-20;24.059999465942383;24.399999618530273;23.530000686645508;24.209999084472656;2285500
2020-08-21;24.010000228881836;24.450000762939453;23.979999542236328;23.989999771118164;1171900
2020-08-24;24.209999084472656;24.43000030517578;23.84000015258789;24.190000534057617;968500
2020-08-25;24.34000015258789;24.600000381469727;23.950000762939453;24.139999389648438;793600
2020-08-26;24.059999465942383;24.270000457763672;23.8799991607666;24.100000381469727;712300
2020-08-27;24.270000457763672;24.450000762939453;23.84000015258789;24.15999984741211;957700
2020-08-28;24.219999313354492;24.639999389648438;23.940000534057617;24.6299991607666;866400
2020-08-31;24.670000076293945;25.100000381469727;24.440000534057617;24.989999771118164;1930700
2020-09-01;24.75;25.81999969482422;24.5;25.809999465942383;2589500
2020-09-02;25.739999771118164;25.809999465942383;25.110000610351562;25.809999465942383;1167400
2020-09-03;25.780000686645508;25.790000915527344;24.760000228881836;24.940000534057617;2539300
2020-09-04;25.229999542236328;25.25;24.139999389648438;24.600000381469727;1915100
2020-09-08;24.350000381469727;24.389999389648438;23.920000076293945;23.979999542236328;1039700
2020-09-09;24.15999984741211;25.0;24.079999923706055;24.84000015258789;1307700
2020-09-10;24.959999084472656;25.18000030517578;24.469999313354492;24.549999237060547;970400
2020-09-11;24.6299991607666;24.860000610351562;24.239999771118164;24.459999084472656;973200
2020-09-14;24.600000381469727;24.760000228881836;24.15999984741211;24.610000610351562;922400
2020-09-15;25.15999984741211;25.200000762939453;24.649999618530273;24.670000076293945;1148000
2020-09-16;24.790000915527344;24.969999313354492;24.450000762939453;24.670000076293945;980900
2020-09-17;24.350000381469727;24.739999771118164;24.010000228881836;24.350000381469727;1814500
2020-09-18;24.559999465942383;24.739999771118164;23.940000534057617;24.229999542236328;3031400
2020-09-21;23.600000381469727;23.739999771118164;23.040000915527344;23.290000915527344;1378200
2020-09-22;23.290000915527344;23.639999389648438;23.020000457763672;23.43000030517578;995200
2020-09-23;23.40999984741211;23.829999923706055;22.219999313354492;22.229999542236328;2039900
2020-09-24;22.200000762939453;22.3700008392334;21.770000457763672;21.899999618530273;2008600
2020-09-25;21.600000381469727;22.239999771118164;21.40999984741211;22.229999542236328;1668300
2020-09-28;22.6299991607666;23.0;22.56999969482422;22.719999313354492;2288000
2020-09-29;22.709999084472656;22.920000076293945;22.15999984741211;22.700000762939453;1177300
2020-09-30;22.75;23.09000015258789;22.15999984741211;22.360000610351562;1356500
2020-10-01;22.520000457763672;22.709999084472656;21.799999237060547;22.170000076293945;1485700
2020-10-02;21.719999313354492;22.59000015258789;21.719999313354492;22.43000030517578;1298500
2020-10-05;22.670000076293945;23.350000381469727;22.579999923706055;23.329999923706055;1205900
2020-10-06;23.549999237060547;23.770000457763672;22.6200008392334;22.90999984741211;2345700
2020-10-07;23.149999618530273;23.68000030517578;23.149999618530273;23.399999618530273;996100
2020-10-08;23.780000686645508;23.850000381469727;23.290000915527344;23.59000015258789;1557100
2020-10-09;24.020000457763672;24.540000915527344;23.719999313354492;24.3700008392334;1837300
2020-10-12;24.520000457763672;24.969999313354492;24.299999237060547;24.959999084472656;1329500
2020-10-13;24.690000534057617;25.020000457763672;24.190000534057617;24.65999984741211;1454100
2020-10-14;24.829999923706055;25.059999465942383;24.25;24.40999984741211;868500
2020-10-15;23.93000030517578;24.5;23.93000030517578;24.489999771118164;761300
2020-10-16;24.540000915527344;25.0;24.489999771118164;24.920000076293945;783200
2020-10-19;24.920000076293945;25.25;24.549999237060547;24.600000381469727;1219300
2020-10-20;24.780000686645508;24.889999389648438;24.360000610351562;24.420000076293945;1131400
2020-10-21;24.399999618530273;24.600000381469727;24.1299991607666;24.149999618530273;959100
2020-10-22;24.389999389648438;24.860000610351562;24.299999237060547;24.850000381469727;1077900
2020-10-23;25.110000610351562;25.149999618530273;24.56999969482422;24.780000686645508;814500
2020-10-26;24.34000015258789;24.43000030517578;23.729999542236328;23.920000076293945;1267600
2020-10-27;24.059999465942383;24.059999465942383;23.09000015258789;23.200000762939453;1355600
2020-10-28;22.540000915527344;22.93000030517578;22.149999618530273;22.420000076293945;2118200
2020-10-29;22.450000762939453;22.450000762939453;21.1299991607666;22.09000015258789;2794700
2020-10-30;22.06999969482422;22.510000228881836;21.93000030517578;22.290000915527344;1966700
2020-11-02;22.700000762939453;23.190000534057617;22.610000610351562;23.139999389648438;1748200
2020-11-03;23.440000534057617;24.06999969482422;23.360000610351562;23.950000762939453;1696900
2020-11-04;23.770000457763672;23.770000457763672;22.860000610351562;23.280000686645508;2131900
2020-11-05;23.6200008392334;24.059999465942383;23.559999465942383;23.940000534057617;1725100
2020-11-06;23.959999084472656;24.389999389648438;23.93000030517578;24.030000686645508;1411800
2020-11-09;25.420000076293945;26.950000762939453;24.8799991607666;26.1200008392334;3123700
2020-11-10;26.31999969482422;26.690000534057617;26.06999969482422;26.329999923706055;1783200
2020-11-11;26.5;26.510000228881836;25.729999542236328;26.15999984741211;1066000
2020-11-12;25.850000381469727;25.950000762939453;25.139999389648438;25.459999084472656;1359400
2020-11-13;25.729999542236328;26.299999237060547;25.729999542236328;26.1299991607666;781800
2020-11-16;27.0;27.200000762939453;26.690000534057617;26.81999969482422;1276300
2020-11-17;26.399999618530273;27.0;26.239999771118164;26.809999465942383;1622900
2020-11-18;26.950000762939453;27.209999084472656;26.350000381469727;26.350000381469727;1150100
2020-11-19;26.530000686645508;26.889999389648438;26.450000762939453;26.860000610351562;1004600
2020-11-20;26.770000457763672;27.040000915527344;26.719999313354492;26.860000610351562;1150600
2020-11-23;27.15999984741211;27.790000915527344;27.059999465942383;27.690000534057617;836700
2020-11-24;28.18000030517578;28.93000030517578;28.059999465942383;28.549999237060547;1609100
2020-11-25;28.40999984741211;28.530000686645508;28.030000686645508;28.280000686645508;916400
2020-11-27;28.200000762939453;28.280000686645508;27.959999084472656;28.260000228881836;333600
2020-11-30;28.059999465942383;28.15999984741211;27.600000381469727;27.770000457763672;1077200
2020-12-01;28.110000610351562;28.389999389648438;27.81999969482422;28.059999465942383;953900
2020-12-02;27.989999771118164;28.049999237060547;27.670000076293945;27.780000686645508;1126300
2020-12-03;27.75;28.049999237060547;27.579999923706055;27.829999923706055;665200
2020-12-04;27.899999618530273;28.950000762939453;27.899999618530273;28.889999389648438;632600
2020-12-07;28.559999465942383;28.84000015258789;28.110000610351562;28.81999969482422;1170300
2020-12-08;28.479999542236328;29.100000381469727;28.459999084472656;29.020000457763672;998900
2020-12-09;29.1299991607666;29.520000457763672;28.639999389648438;28.799999237060547;890500
2020-12-10;28.540000915527344;28.899999618530273;28.3799991607666;28.649999618530273;781100
2020-12-11;28.450000762939453;28.770000457763672;28.260000228881836;28.389999389648438;1026200
2020-12-14;28.729999542236328;28.860000610351562;27.90999984741211;27.969999313354492;2603000
2020-12-15;28.270000457763672;28.920000076293945;27.979999542236328;28.809999465942383;1259300
2020-12-16;29.010000228881836;29.100000381469727;28.549999237060547;28.68000030517578;1023600
2020-12-17;28.719999313354492;28.8700008392334;28.280000686645508;28.510000228881836;1323800
2020-12-18;29.200000762939453;30.0;28.8799991607666;29.469999313354492;4080900
2020-12-21;28.600000381469727;29.420000076293945;28.3700008392334;29.399999618530273;1064900
2020-12-22;29.209999084472656;29.639999389648438;29.030000686645508;29.6200008392334;1045800
2020-12-23;29.799999237060547;30.389999389648438;29.6200008392334;29.670000076293945;1018400
2020-12-24;29.709999084472656;29.8799991607666;29.43000030517578;29.729999542236328;269100
2020-12-28;30.079999923706055;30.190000534057617;29.739999771118164;29.899999618530273;594600
2020-12-29;30.020000457763672;30.020000457763672;29.459999084472656;29.670000076293945;637000
2020-12-30;29.719999313354492;30.5;29.719999313354492;30.459999084472656;897800
2020-12-31;30.3799991607666;31.209999084472656;30.209999084472656;30.93000030517578;1839900
2021-01-04;31.110000610351562;31.229999542236328;29.6200008392334;29.75;1811800
2021-01-05;29.8799991607666;30.450000762939453;29.8700008392334;30.139999389648438;1492200
2021-01-06;30.420000076293945;31.950000762939453;30.1200008392334;31.479999542236328;3360900
2021-01-07;31.6299991607666;31.889999389648438;31.219999313354492;31.65999984741211;1205100
2021-01-08;31.739999771118164;31.950000762939453;31.010000228881836;31.809999465942383;898900
2021-01-11;31.260000228881836;31.780000686645508;30.940000534057617;31.1299991607666;1299900
2021-01-12;31.270000457763672;31.729999542236328;31.110000610351562;31.479999542236328;2613100
2021-01-13;31.440000534057617;31.850000381469727;31.010000228881836;31.059999465942383;1974600
2021-01-14;31.31999969482422;32.220001220703125;31.190000534057617;31.809999465942383;1444500
2021-01-15;31.43000030517578;31.729999542236328;30.8700008392334;31.530000686645508;920300
2021-01-19;32.150001525878906;32.27000045776367;31.420000076293945;31.559999465942383;1199800
2021-01-20;31.719999313354492;32.0;31.190000534057617;31.43000030517578;905600
2021-01-21;31.43000030517578;31.65999984741211;30.670000076293945;30.93000030517578;943200
2021-01-22;30.540000915527344;30.829999923706055;30.3700008392334;30.6299991607666;1295200
2021-01-25;30.3700008392334;30.3799991607666;29.719999313354492;30.200000762939453;934000
2021-01-26;30.329999923706055;30.360000610351562;29.780000686645508;29.989999771118164;775700
2021-01-27;29.290000915527344;29.739999771118164;28.43000030517578;28.959999084472656;1850400
2021-01-28;29.510000228881836;29.670000076293945;29.0;29.329999923706055;892000
2021-01-29;29.15999984741211;29.469999313354492;28.639999389648438;29.049999237060547;1646000
2021-02-01;29.270000457763672;30.219999313354492;28.8799991607666;29.8700008392334;1329400
2021-02-02;30.34000015258789;30.600000381469727;29.799999237060547;30.5;907600
2021-02-03;30.299999237060547;30.530000686645508;29.850000381469727;30.389999389648438;748900
2021-02-04;29.520000457763672;30.639999389648438;29.520000457763672;30.329999923706055;892000
2021-02-05;30.68000030517578;30.770000457763672;30.149999618530273;30.40999984741211;729700
2021-02-08;30.600000381469727;31.049999237060547;30.350000381469727;31.040000915527344;755300
2021-02-09;31.030000686645508;31.299999237060547;30.420000076293945;31.139999389648438;750100
2021-02-10;31.469999313354492;31.479999542236328;31.030000686645508;31.440000534057617;789300
2021-02-11;31.649999618530273;32.310001373291016;31.5;32.29999923706055;1443000
2021-02-12;32.189998626708984;32.439998626708984;31.81999969482422;31.920000076293945;718800
2021-02-16;32.18000030517578;32.310001373291016;31.649999618530273;32.130001068115234;985100
2021-02-17;31.850000381469727;31.860000610351562;31.200000762939453;31.559999465942383;1478000
2021-02-18;31.780000686645508;31.950000762939453;31.459999084472656;31.75;1157400
2021-02-19;31.90999984741211;32.310001373291016;31.90999984741211;32.2599983215332;1208500
2021-02-22;31.989999771118164;32.36000061035156;31.549999237060547;32.0;1640700
2021-02-23;31.93000030517578;32.400001525878906;31.3700008392334;32.130001068115234;1357100
2021-02-24;32.13999938964844;32.900001525878906;31.979999542236328;32.52000045776367;1153700
2021-02-25;32.40999984741211;32.630001068115234;31.8700008392334;32.06999969482422;1057600
2021-02-26;32.09000015258789;32.09000015258789;30.940000534057617;31.0;2799000
2021-03-01;31.690000534057617;31.959999084472656;31.31999969482422;31.489999771118164;1131400
2021-03-02;31.450000762939453;31.559999465942383;30.81999969482422;30.860000610351562;1125500
2021-03-03;30.950000762939453;31.459999084472656;30.809999465942383;30.899999618530273;1408400
2021-03-04;30.8799991607666;31.350000381469727;30.270000457763672;30.639999389648438;1024800
2021-03-05;31.09000015258789;31.31999969482422;30.670000076293945;31.020000457763672;2179100
2021-03-08;31.309999465942383;32.060001373291016;31.1200008392334;31.809999465942383;1345900
2021-03-09;32.11000061035156;33.0099983215332;31.950000762939453;32.09000015258789;1284200
2021-03-10;32.220001220703125;33.38999938964844;32.04999923706055;33.349998474121094;1058900
2021-03-11;33.529998779296875;34.45000076293945;33.380001068115234;34.060001373291016;2231300
2021-03-12;34.22999954223633;34.68000030517578;33.63999938964844;33.66999816894531;1763200
2021-03-15;33.52000045776367;33.65999984741211;32.709999084472656;33.06999969482422;1529200
2021-03-16;33.0099983215332;33.029998779296875;32.2599983215332;32.619998931884766;1244600
2021-03-17;32.619998931884766;33.22999954223633;32.16999816894531;33.209999084472656;1080900
2021-03-18;33.22999954223633;33.529998779296875;32.5099983215332;32.56999969482422;883300
2021-03-19;32.880001068115234;32.880001068115234;31.93000030517578;32.400001525878906;2877100
2021-03-22;32.38999938964844;32.529998779296875;32.029998779296875;32.09000015258789;869700
2021-03-23;31.670000076293945;31.8700008392334;30.950000762939453;31.1299991607666;1071400
2021-03-24;31.399999618530273;32.20000076293945;31.25;31.56999969482422;1386800
2021-03-25;31.3700008392334;35.9900016784668;31.219999313354492;35.54999923706055;6326000
2021-03-26;35.83000183105469;37.130001068115234;35.529998779296875;37.09000015258789;3671000
2021-03-29;37.349998474121094;38.349998474121094;37.08000183105469;37.470001220703125;2433900
2021-03-30;37.5;37.97999954223633;37.15999984741211;37.7400016784668;1851200
2021-03-31;37.939998626708984;38.790000915527344;37.900001525878906;38.38999938964844;2303000
2021-04-01;38.400001525878906;38.459999084472656;36.95000076293945;37.18000030517578;1948000
2021-04-05;37.4900016784668;38.11000061035156;37.25;38.11000061035156;1323500
2021-04-06;37.83000183105469;38.720001220703125;37.72999954223633;38.59000015258789;1290800
2021-04-07;38.349998474121094;38.470001220703125;37.849998474121094;38.099998474121094;1120100
2021-04-08;38.16999816894531;38.209999084472656;37.439998626708984;38.08000183105469;812800
2021-04-09;38.09000015258789;38.779998779296875;37.88999938964844;38.47999954223633;1449200
2021-04-12;38.439998626708984;39.15999984741211;38.29999923706055;38.9900016784668;1670000
2021-04-13;38.66999816894531;39.310001373291016;38.5099983215332;39.04999923706055;1870100
2021-04-14;39.029998779296875;39.790000915527344;38.93000030517578;39.209999084472656;1489300
2021-04-15;39.16999816894531;39.77000045776367;38.900001525878906;39.52000045776367;1189200
2021-04-16;39.86000061035156;40.38999938964844;39.790000915527344;39.869998931884766;2073000
2021-04-19;40.0;40.150001525878906;39.34000015258789;39.65999984741211;1720800
2021-04-20;39.79999923706055;39.79999923706055;38.939998626708984;39.25;1260800
2021-04-21;39.150001525878906;39.81999969482422;39.09000015258789;39.77000045776367;2765600
2021-04-22;39.900001525878906;40.599998474121094;39.650001525878906;39.66999816894531;1952500
2021-04-23;39.599998474121094;40.599998474121094;39.349998474121094;40.16999816894531;1984400
2021-04-26;40.400001525878906;40.97999954223633;40.2599983215332;40.349998474121094;1115600
2021-04-27;40.36000061035156;40.810001373291016;40.09000015258789;40.599998474121094;1200400
2021-04-28;40.40999984741211;40.880001068115234;40.220001220703125;40.459999084472656;1449000
2021-04-29;40.2400016784668;40.58000183105469;39.20000076293945;39.9900016784668;1476600
2021-04-30;39.68000030517578;40.08000183105469;39.220001220703125;39.560001373291016;2587200
2021-05-03;40.040000915527344;40.16999816894531;39.65999984741211;39.75;1132600
2021-05-04;39.720001220703125;39.84000015258789;39.150001525878906;39.83000183105469;1302400
2021-05-05;39.75;40.11000061035156;38.970001220703125;39.650001525878906;1369800
2021-05-06;39.7400016784668;40.5099983215332;39.439998626708984;40.4900016784668;1703500
2021-05-07;40.29999923706055;41.22999954223633;39.91999816894531;41.15999984741211;960500
2021-05-10;41.31999969482422;41.79999923706055;40.900001525878906;40.91999816894531;1206300
2021-05-11;40.25;41.2400016784668;40.060001373291016;40.70000076293945;1575100
2021-05-12;40.58000183105469;40.93000030517578;40.22999954223633;40.290000915527344;2213700
2021-05-13;40.27000045776367;41.970001220703125;40.040000915527344;41.65999984741211;2197300
2021-05-14;41.83000183105469;42.709999084472656;41.560001373291016;42.34000015258789;1465400
2021-05-17;41.97999954223633;42.400001525878906;41.65999984741211;42.33000183105469;1143100
2021-05-18;42.25;42.47999954223633;40.959999084472656;40.9900016784668;1024400
2021-05-19;40.68000030517578;40.77000045776367;39.90999984741211;40.400001525878906;1164000
2021-05-20;40.40999984741211;40.630001068115234;39.689998626708984;40.029998779296875;1248700
2021-05-21;40.56999969482422;41.09000015258789;40.56999969482422;40.959999084472656;1394700
2021-05-24;41.189998626708984;41.25;40.849998474121094;41.06999969482422;973700
2021-05-25;40.95000076293945;41.459999084472656;40.619998931884766;40.66999816894531;1066700
2021-05-26;40.709999084472656;41.06999969482422;40.130001068115234;40.470001220703125;877600
2021-05-27;41.02000045776367;41.130001068115234;40.58000183105469;40.790000915527344;553800
2021-05-28;40.9900016784668;40.9900016784668;40.349998474121094;40.7400016784668;644100
2021-06-01;41.279998779296875;41.279998779296875;40.75;41.189998626708984;704900
2021-06-02;41.150001525878906;41.43000030517578;40.720001220703125;40.869998931884766;1313100
2021-06-03;40.689998626708984;40.7400016784668;40.220001220703125;40.529998779296875;704400
2021-06-04;40.56999969482422;40.619998931884766;40.11000061035156;40.25;1372400
2021-06-07;40.52000045776367;40.63999938964844;39.90999984741211;40.099998474121094;632900
2021-06-08;40.209999084472656;40.38999938964844;39.77000045776367;40.150001525878906;1965700
2021-06-09;40.060001373291016;40.310001373291016;39.459999084472656;39.5099983215332;1546700
2021-06-10;39.779998779296875;39.779998779296875;38.959999084472656;39.25;1647200
2021-06-11;39.4900016784668;40.189998626708984;39.29999923706055;40.040000915527344;950800
2021-06-14;40.0;40.11000061035156;39.15999984741211;39.619998931884766;1163100
2021-06-15;39.630001068115234;39.91999816894531;39.369998931884766;39.68000030517578;855700
2021-06-16;39.61000061035156;39.810001373291016;39.11000061035156;39.5099983215332;1249500
2021-06-17;39.40999984741211;39.40999984741211;37.77000045776367;38.279998779296875;1471600
2021-06-18;37.54999923706055;37.880001068115234;37.2599983215332;37.36000061035156;2214900
2021-06-21;37.86000061035156;38.34000015258789;37.68000030517578;37.790000915527344;1253000
2021-06-22;37.70000076293945;37.720001220703125;36.91999816894531;37.43000030517578;997800
2021-06-23;37.58000183105469;37.61000061035156;37.099998474121094;37.310001373291016;1043300
2021-06-24;37.47999954223633;38.18000030517578;37.029998779296875;37.79999923706055;1901600
2021-06-25;37.90999984741211;39.13999938964844;37.81999969482422;38.529998779296875;7176900
2021-06-28;38.54999923706055;38.54999923706055;37.52000045776367;38.0099983215332;1450300
2021-06-29;38.18000030517578;38.27000045776367;37.279998779296875;37.650001525878906;1314400
2021-06-30;37.40999984741211;38.29999923706055;37.36000061035156;38.150001525878906;1140200
2021-07-01;38.4900016784668;38.81999969482422;38.290000915527344;38.529998779296875;1286800
2021-07-02;38.72999954223633;38.779998779296875;38.27000045776367;38.279998779296875;997300
2021-07-06;38.130001068115234;38.29999923706055;37.130001068115234;37.689998626708984;730900
2021-07-07;37.25;38.25;37.25;38.15999984741211;981600
2021-07-08;37.5;38.91999816894531;37.43000030517578;38.470001220703125;1411900
2021-07-09;39.15999984741211;39.619998931884766;38.900001525878906;39.209999084472656;1093700
2021-07-12;38.849998474121094;39.70000076293945;38.560001373291016;39.470001220703125;855700
2021-07-13;39.13999938964844;39.560001373291016;38.88999938964844;38.97999954223633;904700
2021-07-14;39.290000915527344;39.58000183105469;38.7400016784668;38.84000015258789;899500
2021-07-15;38.47999954223633;39.13999938964844;38.470001220703125;38.959999084472656;804700
2021-07-16;39.279998779296875;39.279998779296875;38.59000015258789;38.650001525878906;650700
2021-07-19;37.9900016784668;38.380001068115234;37.58000183105469;38.130001068115234;1601900
2021-07-20;38.13999938964844;39.2599983215332;37.970001220703125;39.08000183105469;936700
2021-07-21;39.349998474121094;39.810001373291016;39.13999938964844;39.27000045776367;629300
2021-07-22;39.25;39.25;38.72999954223633;38.93000030517578;704200
2021-07-23;39.31999969482422;39.38999938964844;38.7400016784668;39.20000076293945;751200
2021-07-26;39.459999084472656;39.599998474121094;39.029998779296875;39.380001068115234;578500
2021-07-27;38.939998626708984;39.2599983215332;38.630001068115234;39.08000183105469;858200
2021-07-28;39.2400016784668;39.400001525878906;38.439998626708984;39.02000045776367;985400
2021-07-29;39.04999923706055;39.16999816894531;37.880001068115234;38.72999954223633;1457500
2021-07-30;38.68000030517578;39.06999969482422;38.61000061035156;38.70000076293945;1017100
2021-08-02;38.79999923706055;39.709999084472656;38.79999923706055;38.84000015258789;1088000
2021-08-03;39.130001068115234;39.2400016784668;38.41999816894531;38.88999938964844;729100
2021-08-04;38.4900016784668;38.7400016784668;38.040000915527344;38.04999923706055;1048200
2021-08-05;38.2400016784668;38.529998779296875;37.630001068115234;37.810001373291016;664100
2021-08-06;37.9900016784668;38.59000015258789;37.9900016784668;38.130001068115234;682900
2021-08-09;38.040000915527344;38.040000915527344;37.529998779296875;37.65999984741211;652300
2021-08-10;37.70000076293945;38.08000183105469;37.439998626708984;37.900001525878906;470800
2021-08-11;37.93000030517578;39.0;37.689998626708984;38.9900016784668;1394700
2021-08-12;39.119998931884766;39.41999816894531;38.959999084472656;39.380001068115234;982800
2021-08-13;39.400001525878906;39.7599983215332;39.09000015258789;39.400001525878906;951200
2021-08-16;39.2599983215332;39.7400016784668;38.810001373291016;39.4900016784668;767900
2021-08-17;39.22999954223633;39.56999969482422;38.810001373291016;39.33000183105469;474800
2021-08-18;39.16999816894531;39.369998931884766;38.5;38.52000045776367;554600
2021-08-19;38.150001525878906;38.220001220703125;37.349998474121094;37.41999816894531;1129800
2021-08-20;37.43000030517578;37.61000061035156;36.709999084472656;37.2400016784668;1014100
2021-08-23;37.43000030517578;38.310001373291016;37.2400016784668;38.09000015258789;645900
2021-08-24;38.22999954223633;38.59000015258789;38.13999938964844;38.279998779296875;637100
2021-08-25;38.2400016784668;39.04999923706055;38.06999969482422;38.790000915527344;598700
2021-08-26;38.84000015258789;39.0;38.630001068115234;38.72999954223633;424700
2021-08-27;38.90999984741211;39.4900016784668;38.79999923706055;39.31999969482422;649800
2021-08-30;39.5;39.5;38.689998626708984;38.849998474121094;576200
2021-08-31;38.88999938964844;39.0099983215332;38.40999984741211;38.939998626708984;752300
2021-09-01;39.04999923706055;39.41999816894531;38.560001373291016;39.310001373291016;899800
2021-09-02;39.619998931884766;40.06999969482422;39.400001525878906;39.9900016784668;748500
2021-09-03;39.91999816894531;40.45000076293945;39.88999938964844;40.27000045776367;734200
2021-09-07;40.16999816894531;40.16999816894531;39.13999938964844;39.20000076293945;451200
2021-09-08;39.099998474121094;39.650001525878906;38.869998931884766;39.439998626708984;411000
2021-09-09;39.349998474121094;39.59000015258789;39.08000183105469;39.369998931884766;574300
2021-09-10;39.599998474121094;39.81999969482422;39.08000183105469;39.25;509800
2021-09-13;39.630001068115234;40.27000045776367;39.459999084472656;39.97999954223633;633400
2021-09-14;40.11000061035156;40.11000061035156;38.599998474121094;38.689998626708984;697700
2021-09-15;38.650001525878906;39.75;38.5099983215332;39.63999938964844;629200
2021-09-16;39.75;39.75;38.88999938964844;38.900001525878906;552600
2021-09-17;39.029998779296875;39.029998779296875;38.15999984741211;38.5099983215332;2201200
2021-09-20;37.5;38.04999923706055;36.97999954223633;37.790000915527344;822200
2021-09-21;38.0;38.060001373291016;37.099998474121094;37.209999084472656;559500
2021-09-22;37.560001373291016;37.9900016784668;37.560001373291016;37.650001525878906;502400
2021-09-23;37.90999984741211;38.91999816894531;37.880001068115234;38.52000045776367;721500
2021-09-24;38.43000030517578;38.79999923706055;38.18000030517578;38.56999969482422;546900
2021-09-27;38.7599983215332;40.45000076293945;38.68000030517578;40.2400016784668;1245400
2021-09-28;40.34000015258789;40.45000076293945;38.560001373291016;38.790000915527344;1654400
2021-09-29;38.90999984741211;39.84000015258789;38.470001220703125;39.459999084472656;1041400
2021-09-30;39.849998474121094;40.02000045776367;39.15999984741211;39.400001525878906;1847000
2021-10-01;39.79999923706055;40.5;39.2400016784668;40.400001525878906;1222200
2021-10-04;40.400001525878906;40.959999084472656;40.09000015258789;40.5099983215332;883100
2021-10-05;40.58000183105469;40.77000045776367;40.22999954223633;40.47999954223633;643800
2021-10-06;40.0;41.77000045776367;40.0;41.7599983215332;1517700
2021-10-07;42.0;42.33000183105469;41.599998474121094;41.79999923706055;944900
2021-10-08;41.84000015258789;42.47999954223633;41.529998779296875;41.650001525878906;889500
2021-10-11;41.66999816894531;42.2599983215332;41.5;41.84000015258789;1356400
2021-10-12;41.88999938964844;42.16999816894531;41.58000183105469;41.63999938964844;729700
2021-10-13;41.59000015258789;41.59000015258789;40.7599983215332;41.31999969482422;514200
2021-10-14;41.68000030517578;42.290000915527344;41.47999954223633;42.060001373291016;932500
2021-10-15;42.47999954223633;42.83000183105469;42.31999969482422;42.41999816894531;1029000
2021-10-18;42.18000030517578;42.68000030517578;42.099998474121094;42.58000183105469;723700
2021-10-19;42.779998779296875;43.08000183105469;42.4900016784668;42.81999969482422;852900
2021-10-20;42.4900016784668;42.91999816894531;42.4900016784668;42.83000183105469;1256100
2021-10-21;42.86000061035156;43.709999084472656;42.75;43.33000183105469;1182600
2021-10-22;43.43000030517578;43.900001525878906;43.220001220703125;43.2599983215332;424100
2021-10-25;43.2599983215332;43.86000061035156;43.220001220703125;43.4900016784668;673100
2021-10-26;43.61000061035156;43.9900016784668;43.189998626708984;43.189998626708984;676300
2021-10-27;43.11000061035156;43.11000061035156;41.9900016784668;42.22999954223633;853700
2021-10-28;42.209999084472656;43.529998779296875;42.099998474121094;43.13999938964844;2205000
2021-10-29;44.0;44.13999938964844;42.119998931884766;42.439998626708984;1219900
2021-11-01;42.650001525878906;42.86000061035156;42.209999084472656;42.33000183105469;1103600
2021-11-02;42.5099983215332;42.58000183105469;41.31999969482422;41.54999923706055;779400
2021-11-03;41.470001220703125;42.27000045776367;40.970001220703125;41.810001373291016;875200
2021-11-04;42.08000183105469;42.880001068115234;41.70000076293945;41.939998626708984;757600
2021-11-05;42.290000915527344;43.349998474121094;42.290000915527344;43.349998474121094;1187600
2021-11-08;44.52000045776367;44.790000915527344;43.95000076293945;44.150001525878906;824100
2021-11-09;44.040000915527344;44.75;43.90999984741211;44.58000183105469;785800
2021-11-10;44.52000045776367;45.11000061035156;44.29999923706055;44.83000183105469;1124500
2021-11-11;44.869998931884766;45.22999954223633;44.54999923706055;44.70000076293945;723500
2021-11-12;44.720001220703125;45.20000076293945;44.599998474121094;44.95000076293945;466700
2021-11-15;45.41999816894531;45.47999954223633;44.900001525878906;45.02000045776367;704900
2021-11-16;44.970001220703125;45.959999084472656;44.970001220703125;45.56999969482422;922200
2021-11-17;45.27000045776367;46.15999984741211;44.97999954223633;45.68000030517578;1038400
2021-11-18;45.66999816894531;46.11000061035156;45.54999923706055;45.7400016784668;929100
2021-11-19;45.439998626708984;46.029998779296875;45.31999969482422;46.0;842400
2021-11-22;46.33000183105469;47.41999816894531;46.06999969482422;46.349998474121094;1126100
2021-11-23;46.310001373291016;46.9900016784668;46.20000076293945;46.880001068115234;859300
2021-11-24;46.72999954223633;47.43000030517578;46.47999954223633;47.18000030517578;964700
2021-11-26;45.540000915527344;46.41999816894531;45.279998779296875;45.52000045776367;1087800
2021-11-29;46.400001525878906;46.400001525878906;45.34000015258789;45.5099983215332;1200000
2021-11-30;45.060001373291016;45.439998626708984;43.58000183105469;44.0;2549500
2021-12-01;44.95000076293945;44.95000076293945;41.689998626708984;41.720001220703125;2043700
2021-12-02;41.95000076293945;43.439998626708984;41.779998779296875;42.9900016784668;1454600
2021-12-03;43.459999084472656;43.599998474121094;42.560001373291016;43.130001068115234;1132900
2021-12-06;43.7400016784668;46.2599983215332;43.40999984741211;45.68000030517578;2032900
2021-12-07;46.29999923706055;46.689998626708984;45.41999816894531;45.689998626708984;1359300
2021-12-08;45.459999084472656;46.58000183105469;45.41999816894531;46.20000076293945;995200
2021-12-09;45.83000183105469;46.11000061035156;45.400001525878906;45.689998626708984;572200
2021-12-10;46.150001525878906;46.2599983215332;45.060001373291016;45.63999938964844;906000
2021-12-13;45.29999923706055;45.65999984741211;44.810001373291016;45.06999969482422;1076000
2021-12-14;44.88999938964844;45.68000030517578;44.54999923706055;45.0;1044200
2021-12-15;45.0;46.2599983215332;44.65999984741211;46.099998474121094;1294000
2021-12-16;46.33000183105469;46.97999954223633;45.09000015258789;45.36000061035156;859300
2021-12-17;44.959999084472656;45.83000183105469;44.5;45.16999816894531;2533700
2021-12-20;44.41999816894531;45.029998779296875;43.90999984741211;44.790000915527344;1287000
2021-12-21;45.18000030517578;46.13999938964844;45.02000045776367;45.790000915527344;1132900
2021-12-22;46.119998931884766;46.18000030517578;45.4900016784668;45.79999923706055;801900
2021-12-23;45.970001220703125;46.90999984741211;45.970001220703125;46.650001525878906;627900
2021-12-27;46.849998474121094;47.34000015258789;46.599998474121094;47.310001373291016;806000
2021-12-28;47.150001525878906;47.810001373291016;47.130001068115234;47.38999938964844;486100
2021-12-29;47.470001220703125;47.779998779296875;47.290000915527344;47.31999969482422;545600
2021-12-30;47.29999923706055;47.630001068115234;46.939998626708984;46.9900016784668;726000
2021-12-31;46.95000076293945;47.72999954223633;46.779998779296875;47.619998931884766;754000
2022-01-03;47.619998931884766;48.529998779296875;47.619998931884766;48.13999938964844;1278000
2022-01-04;48.33000183105469;49.52000045776367;48.20000076293945;49.16999816894531;1061900
2022-01-05;49.47999954223633;49.9900016784668;47.88999938964844;47.970001220703125;1191200
2022-01-06;48.0;48.52000045776367;47.439998626708984;47.7400016784668;871900
2022-01-07;47.560001373291016;47.90999984741211;46.209999084472656;46.689998626708984;1217800
2022-01-10;46.529998779296875;46.779998779296875;45.77000045776367;46.7400016784668;735800
2022-01-11;46.779998779296875;47.529998779296875;45.9900016784668;47.31999969482422;1511800
2022-01-12;47.52000045776367;47.959999084472656;46.38999938964844;46.81999969482422;868800
2022-01-13;46.939998626708984;48.029998779296875;46.900001525878906;47.439998626708984;607400
2022-01-14;46.93000030517578;47.97999954223633;46.63999938964844;47.849998474121094;655700
2022-01-18;47.279998779296875;47.31999969482422;46.5099983215332;47.15999984741211;939200
2022-01-19;47.09000015258789;47.689998626708984;46.709999084472656;46.869998931884766;1125700
2022-01-20;46.779998779296875;47.2400016784668;45.630001068115234;45.709999084472656;1035600
2022-01-21;45.38999938964844;46.15999984741211;44.619998931884766;45.310001373291016;1057300
2022-01-24;44.61000061035156;45.08000183105469;43.06999969482422;44.869998931884766;1557100
2022-01-25;44.099998474121094;45.02000045776367;42.75;43.79999923706055;1512900
2022-01-26;44.470001220703125;44.84000015258789;43.25;43.81999969482422;1475300
2022-01-27;44.209999084472656;44.90999984741211;42.81999969482422;43.279998779296875;829200
2022-01-28;43.09000015258789;43.22999954223633;41.77000045776367;43.130001068115234;1231900
2022-01-31;42.650001525878906;43.400001525878906;42.470001220703125;43.400001525878906;1811100
2022-02-01;43.84000015258789;45.47999954223633;43.529998779296875;44.900001525878906;1924000
2022-02-02;44.619998931884766;45.7400016784668;44.619998931884766;45.52000045776367;1532100
2022-02-03;45.279998779296875;45.599998474121094;44.88999938964844;44.91999816894531;1610100
2022-02-04;44.54999923706055;44.880001068115234;43.65999984741211;44.22999954223633;1486500
2022-02-07;44.130001068115234;44.70000076293945;44.0099983215332;44.310001373291016;474100
2022-02-08;44.33000183105469;45.04999923706055;44.33000183105469;44.689998626708984;820900
2022-02-09;45.2599983215332;45.58000183105469;45.09000015258789;45.5;848300
2022-02-10;44.91999816894531;45.9900016784668;44.599998474121094;44.81999969482422;865400
2022-02-11;44.7599983215332;45.04999923706055;43.810001373291016;44.2400016784668;675000
2022-02-14;44.40999984741211;44.77000045776367;43.869998931884766;44.189998626708984;938500
2022-02-15;44.540000915527344;45.150001525878906;44.220001220703125;44.77000045776367;780600
2022-02-16;44.439998626708984;44.97999954223633;43.91999816894531;44.66999816894531;1213500
2022-02-17;44.099998474121094;44.40999984741211;43.56999969482422;43.81999969482422;968700
2022-02-18;43.7400016784668;43.970001220703125;43.06999969482422;43.33000183105469;1457600
2022-02-22;44.08000183105469;47.439998626708984;42.79999923706055;46.0099983215332;4137600
2022-02-23;46.52000045776367;47.029998779296875;45.470001220703125;45.65999984741211;2123100
2022-02-24;44.88999938964844;48.459999084472656;44.459999084472656;48.060001373291016;3634400
2022-02-25;48.36000061035156;48.97999954223633;47.5099983215332;48.779998779296875;1529900
2022-02-28;48.75;50.29999923706055;48.709999084472656;49.63999938964844;2391400
2022-03-01;49.72999954223633;49.939998626708984;48.310001373291016;49.150001525878906;1803100
2022-03-02;49.540000915527344;50.56999969482422;49.380001068115234;50.33000183105469;2122300
2022-03-03;50.849998474121094;51.54999923706055;50.29999923706055;51.43000030517578;1683500
2022-03-04;51.380001068115234;55.220001220703125;51.380001068115234;55.220001220703125;4733600
2022-03-07;55.2400016784668;56.06999969482422;52.97999954223633;53.65999984741211;3196900
2022-03-08;53.47999954223633;54.040000915527344;52.209999084472656;52.25;1262000
2022-03-09;52.84000015258789;53.52000045776367;52.470001220703125;53.04999923706055;1759400
2022-03-10;52.540000915527344;54.099998474121094;52.540000915527344;54.040000915527344;2014300
2022-03-11;54.33000183105469;55.7400016784668;54.33000183105469;55.40999984741211;1897200
2022-03-14;54.369998931884766;54.95000076293945;53.290000915527344;53.7400016784668;1569500
2022-03-15;54.13999938964844;54.13999938964844;51.81999969482422;52.939998626708984;1277300
2022-03-16;52.720001220703125;53.34000015258789;51.22999954223633;52.4900016784668;2302600
2022-03-17;52.52000045776367;53.869998931884766;52.220001220703125;53.380001068115234;1533600
2022-03-18;53.81999969482422;54.040000915527344;51.849998474121094;52.54999923706055;3057700
2022-03-21;52.720001220703125;53.86000061035156;52.65999984741211;53.130001068115234;1555600
2022-03-22;53.0;53.33000183105469;51.83000183105469;52.15999984741211;1725800
2022-03-23;52.0099983215332;53.619998931884766;51.849998474121094;53.16999816894531;1905100
2022-03-24;53.36000061035156;55.0099983215332;53.150001525878906;54.88999938964844;1118500
2022-03-25;54.61000061035156;55.900001525878906;54.369998931884766;55.849998474121094;1202000
2022-03-28;55.47999954223633;55.83000183105469;54.61000061035156;55.189998626708984;946800
2022-03-29;54.93000030517578;55.349998474121094;53.45000076293945;53.939998626708984;1529100
2022-03-30;54.16999816894531;55.310001373291016;53.83000183105469;54.290000915527344;1649000
2022-03-31;53.95000076293945;55.540000915527344;53.689998626708984;54.72999954223633;2377600
2022-04-01;54.630001068115234;55.65999984741211;54.209999084472656;54.68000030517578;2216300
2022-04-04;54.68000030517578;54.9900016784668;53.41999816894531;54.02000045776367;1435800
2022-04-05;54.20000076293945;55.16999816894531;53.97999954223633;54.15999984741211;3240000
2022-04-06;53.95000076293945;54.869998931884766;53.369998931884766;53.93000030517578;1379400
2022-04-07;54.310001373291016;55.22999954223633;54.04999923706055;54.9900016784668;1021000
2022-04-08;55.0;56.29999923706055;54.220001220703125;54.54999923706055;2108200
2022-04-11;54.38999938964844;54.7400016784668;53.13999938964844;53.33000183105469;1482000
2022-04-12;53.709999084472656;55.18000030517578;52.56999969482422;53.060001373291016;1562400
2022-04-13;53.45000076293945;53.83000183105469;52.619998931884766;53.650001525878906;1954700
2022-04-14;54.2599983215332;56.939998626708984;54.060001373291016;56.52000045776367;2896600
2022-04-18;56.47999954223633;56.810001373291016;55.130001068115234;55.439998626708984;1300100
2022-04-19;55.369998931884766;56.13999938964844;54.25;54.84000015258789;1763200
2022-04-20;55.40999984741211;55.959999084472656;54.29999923706055;54.4900016784668;1618600
2022-04-21;54.47999954223633;55.13999938964844;53.369998931884766;53.54999923706055;1347200
2022-04-22;53.150001525878906;53.38999938964844;52.18000030517578;52.439998626708984;1025700
2022-04-25;52.0;52.459999084472656;50.650001525878906;52.36000061035156;1593100
2022-04-26;52.45000076293945;52.63999938964844;51.369998931884766;51.41999816894531;1028400
2022-04-27;51.5099983215332;52.2599983215332;50.56999969482422;51.95000076293945;1707200
2022-04-28;52.4900016784668;52.7599983215332;48.66999816894531;49.79999923706055;2522700
2022-04-29;50.060001373291016;50.27000045776367;48.95000076293945;49.22999954223633;1663000
2022-05-02;49.209999084472656;49.41999816894531;47.279998779296875;48.060001373291016;1363900
2022-05-03;47.9900016784668;48.95000076293945;47.9900016784668;48.130001068115234;1226700
2022-05-04;48.29999923706055;48.61000061035156;47.349998474121094;48.459999084472656;1110900
2022-05-05;47.970001220703125;48.279998779296875;46.650001525878906;47.2400016784668;1126900
2022-05-06;47.09000015258789;47.27000045776367;45.790000915527344;46.41999816894531;1554900
2022-05-09;45.93000030517578;45.97999954223633;44.709999084472656;44.880001068115234;1678900
2022-05-10;45.41999816894531;46.52000045776367;44.93000030517578;45.369998931884766;1854900
2022-05-11;45.41999816894531;46.02000045776367;44.2400016784668;44.349998474121094;1445900
2022-05-12;44.349998474121094;44.9900016784668;43.66999816894531;44.45000076293945;1402800
2022-05-13;44.79999923706055;46.0099983215332;44.79999923706055;45.209999084472656;1289100
2022-05-16;45.310001373291016;46.310001373291016;45.130001068115234;45.77000045776367;995500
2022-05-17;46.58000183105469;46.7599983215332;46.04999923706055;46.43000030517578;1350800
2022-05-18;46.02000045776367;46.83000183105469;44.61000061035156;44.900001525878906;1097700
2022-05-19;44.56999969482422;46.68000030517578;44.56999969482422;45.939998626708984;1264200
2022-05-20;46.099998474121094;46.689998626708984;45.36000061035156;46.439998626708984;1352300
2022-05-23;46.869998931884766;47.900001525878906;46.72999954223633;47.380001068115234;1644600
2022-05-24;48.27000045776367;49.9900016784668;47.31999969482422;48.06999969482422;1942300
2022-05-25;47.66999816894531;48.279998779296875;47.349998474121094;47.810001373291016;1402400
2022-05-26;47.86000061035156;48.869998931884766;47.849998474121094;48.349998474121094;795800
2022-05-27;48.209999084472656;49.86000061035156;48.209999084472656;49.86000061035156;939000
2022-05-31;49.38999938964844;50.36000061035156;49.38999938964844;49.7599983215332;1374100
2022-06-01;49.709999084472656;49.970001220703125;48.470001220703125;49.33000183105469;903100
2022-06-02;49.349998474121094;50.27000045776367;48.97999954223633;50.209999084472656;898500
2022-06-03;50.040000915527344;50.91999816894531;49.7599983215332;50.79999923706055;1001700
2022-06-06;51.0099983215332;51.38999938964844;50.5099983215332;50.869998931884766;1215800
2022-06-07;50.349998474121094;52.150001525878906;50.130001068115234;52.029998779296875;1180200
2022-06-08;51.90999984741211;52.0099983215332;50.29999923706055;50.56999969482422;1149600
2022-06-09;50.380001068115234;50.7400016784668;49.290000915527344;50.310001373291016;961400
2022-06-10;49.81999969482422;49.970001220703125;48.849998474121094;49.43000030517578;1086200
2022-06-13;48.45000076293945;48.68000030517578;47.369998931884766;47.97999954223633;1564400
2022-06-14;47.63999938964844;48.33000183105469;46.93000030517578;47.36000061035156;1425800
2022-06-15;47.97999954223633;48.0099983215332;46.33000183105469;46.880001068115234;1680100
2022-06-16;46.20000076293945;46.25;43.56999969482422;44.189998626708984;1872900
2022-06-17;44.63999938964844;45.0;43.61000061035156;44.369998931884766;2140400
2022-06-21;45.15999984741211;45.86000061035156;44.119998931884766;45.52000045776367;1836800
2022-06-22;44.939998626708984;45.52000045776367;44.2400016784668;45.060001373291016;3015800
2022-06-23;45.25;45.25;43.810001373291016;44.54999923706055;1988300
2022-06-24;45.060001373291016;48.13999938964844;44.83000183105469;48.13999938964844;17860200
2022-06-27;48.16999816894531;48.81999969482422;46.54999923706055;48.16999816894531;2711600
2022-06-28;48.40999984741211;48.75;47.22999954223633;47.70000076293945;1485800
2022-06-29;48.08000183105469;48.08000183105469;47.099998474121094;47.880001068115234;1109900
2022-06-30;46.93000030517578;48.75;46.93000030517578;48.38999938964844;1524700
2022-07-01;48.4900016784668;49.31999969482422;47.900001525878906;49.11000061035156;1575000
2022-07-05;48.369998931884766;48.70000076293945;46.790000915527344;47.650001525878906;1180000
2022-07-06;47.36000061035156;47.86000061035156;46.45000076293945;47.22999954223633;1814100
2022-07-07;47.66999816894531;48.529998779296875;47.66999816894531;48.16999816894531;1574800
2022-07-08;48.400001525878906;48.810001373291016;47.7599983215332;48.470001220703125;1026100
2022-07-11;48.16999816894531;48.72999954223633;47.90999984741211;48.38999938964844;808600
2022-07-12;47.86000061035156;48.529998779296875;47.16999816894531;47.540000915527344;739600
2022-07-13;46.790000915527344;47.56999969482422;46.40999984741211;47.150001525878906;657500
2022-07-14;46.2400016784668;47.58000183105469;46.029998779296875;47.43000030517578;920300
2022-07-15;48.02000045776367;48.290000915527344;47.130001068115234;47.81999969482422;1448200
2022-07-18;48.119998931884766;48.709999084472656;47.779998779296875;47.95000076293945;858400
2022-07-19;48.22999954223633;50.09000015258789;48.22999954223633;49.900001525878906;2122200
2022-07-20;50.15999984741211;50.470001220703125;49.20000076293945;49.59000015258789;1539700
2022-07-21;49.619998931884766;50.47999954223633;49.349998474121094;50.400001525878906;846900
2022-07-22;50.70000076293945;50.95000076293945;50.02000045776367;50.5099983215332;681000
2022-07-25;50.119998931884766;51.13999938964844;49.9900016784668;51.029998779296875;680800
2022-07-26;51.310001373291016;51.65999984741211;51.04999923706055;51.38999938964844;775600
2022-07-27;51.22999954223633;51.900001525878906;50.65999984741211;51.25;725700
2022-07-28;51.7400016784668;52.79999923706055;51.310001373291016;52.400001525878906;893200
2022-07-29;52.459999084472656;53.470001220703125;52.22999954223633;53.22999954223633;1295100
2022-08-01;53.099998474121094;53.380001068115234;52.36000061035156;52.5;1227900
2022-08-02;51.90999984741211;53.380001068115234;50.16999816894531;52.40999984741211;2499500
2022-08-03;52.90999984741211;52.90999984741211;50.13999938964844;50.369998931884766;1710300
2022-08-04;50.060001373291016;50.79999923706055;49.459999084472656;50.650001525878906;1326500
2022-08-05;50.09000015258789;50.939998626708984;50.09000015258789;50.91999816894531;1058700
2022-08-08;51.349998474121094;51.779998779296875;50.349998474121094;50.68000030517578;909000
2022-08-09;50.779998779296875;51.150001525878906;50.08000183105469;50.310001373291016;1058500
2022-08-10;50.900001525878906;51.75;50.849998474121094;51.63999938964844;618000
2022-08-11;51.65999984741211;52.939998626708984;51.470001220703125;51.529998779296875;1111500
2022-08-12;51.72999954223633;52.779998779296875;51.290000915527344;52.72999954223633;920100
2022-08-15;52.470001220703125;53.33000183105469;52.209999084472656;53.04999923706055;1090300
2022-08-16;52.93000030517578;53.79999923706055;52.560001373291016;52.77000045776367;826900
2022-08-17;52.220001220703125;52.7599983215332;52.08000183105469;52.34000015258789;1296800
2022-08-18;52.47999954223633;52.72999954223633;52.130001068115234;52.27000045776367;1391100
2022-08-19;52.08000183105469;52.33000183105469;51.650001525878906;51.959999084472656;1628000
2022-08-22;51.349998474121094;51.52000045776367;50.84000015258789;51.029998779296875;1211900
2022-08-23;50.61000061035156;51.400001525878906;50.459999084472656;50.790000915527344;703200
2022-08-24;50.86000061035156;51.119998931884766;50.65999984741211;51.0;628300
2022-08-25;51.34000015258789;51.79999923706055;51.27000045776367;51.540000915527344;725200
2022-08-26;51.54999923706055;51.720001220703125;49.93000030517578;50.06999969482422;597800
2022-08-29;49.58000183105469;50.029998779296875;48.77000045776367;49.720001220703125;1031800
2022-08-30;49.619998931884766;49.689998626708984;48.380001068115234;48.599998474121094;922100
2022-08-31;48.54999923706055;49.0;48.0;48.29999923706055;975200
2022-09-01;48.09000015258789;48.380001068115234;47.81999969482422;48.2599983215332;817600
2022-09-02;48.599998474121094;48.599998474121094;47.439998626708984;47.560001373291016;698300
2022-09-06;47.709999084472656;47.810001373291016;47.18000030517578;47.689998626708984;1690500
2022-09-07;47.68000030517578;48.380001068115234;47.400001525878906;48.25;699600
2022-09-08;48.18000030517578;48.189998626708984;47.529998779296875;48.130001068115234;725900
2022-09-09;48.5;49.040000915527344;48.470001220703125;48.68000030517578;1017000
2022-09-12;49.08000183105469;50.36000061035156;48.66999816894531;49.47999954223633;1111000
2022-09-13;48.72999954223633;49.13999938964844;48.34000015258789;48.66999816894531;1539800
2022-09-14;48.7400016784668;50.040000915527344;48.619998931884766;49.29999923706055;1640900
2022-09-15;48.970001220703125;49.72999954223633;48.7599983215332;49.58000183105469;1540200
2022-09-16;49.40999984741211;49.77000045776367;48.54999923706055;49.220001220703125;2635200
2022-09-19;48.75;49.290000915527344;48.599998474121094;48.79999923706055;1589600
2022-09-20;48.599998474121094;48.779998779296875;47.2400016784668;47.540000915527344;1739500
2022-09-21;47.83000183105469;48.209999084472656;47.040000915527344;47.040000915527344;1726200
2022-09-22;46.959999084472656;47.18000030517578;45.02000045776367;45.61000061035156;1900800
2022-09-23;45.09000015258789;45.31999969482422;43.86000061035156;44.709999084472656;1595100
2022-09-26;44.459999084472656;44.70000076293945;43.279998779296875;43.97999954223633;1584400
2022-09-27;44.36000061035156;44.7400016784668;43.150001525878906;43.70000076293945;1063400
2022-09-28;44.0;44.27000045776367;43.5;43.91999816894531;998600
2022-09-29;43.59000015258789;43.599998474121094;41.959999084472656;42.970001220703125;2163400
2022-09-30;42.970001220703125;44.2400016784668;42.880001068115234;43.220001220703125;1743700
2022-10-03;44.029998779296875;45.7599983215332;43.79999923706055;45.29999923706055;1409600
2022-10-04;45.90999984741211;47.779998779296875;45.90999984741211;47.58000183105469;1739000
2022-10-05;47.11000061035156;48.04999923706055;47.02000045776367;47.5;1164500
2022-10-06;47.20000076293945;47.599998474121094;46.77000045776367;46.869998931884766;983200
2022-10-07;46.630001068115234;46.869998931884766;45.779998779296875;46.189998626708984;1222900
2022-10-10;46.2599983215332;46.81999969482422;45.79999923706055;45.81999969482422;888600
2022-10-11;45.59000015258789;46.83000183105469;45.59000015258789;46.11000061035156;1075000
2022-10-12;46.20000076293945;46.43000030517578;44.7599983215332;44.939998626708984;1099800
2022-10-13;43.970001220703125;46.599998474121094;43.75;46.369998931884766;1561100
2022-10-14;46.70000076293945;46.81999969482422;44.849998474121094;44.970001220703125;1027100
2022-10-17;45.63999938964844;46.70000076293945;45.63999938964844;46.209999084472656;810600
2022-10-18;47.04999923706055;47.79999923706055;47.029998779296875;47.209999084472656;883600
2022-10-19;46.810001373291016;47.33000183105469;46.540000915527344;46.93000030517578;701900
2022-10-20;47.09000015258789;47.65999984741211;46.650001525878906;46.86000061035156;1462000
2022-10-21;46.869998931884766;48.470001220703125;46.5;48.150001525878906;1377100
2022-10-24;48.5;49.029998779296875;48.220001220703125;48.52000045776367;1379100
2022-10-25;48.18000030517578;49.41999816894531;48.0099983215332;49.02000045776367;1702400
2022-10-26;48.77000045776367;48.77000045776367;45.349998474121094;46.52000045776367;3342000
2022-10-27;46.529998779296875;47.709999084472656;45.95000076293945;46.099998474121094;1393600
2022-10-28;48.02000045776367;50.400001525878906;47.40999984741211;48.9900016784668;2677900
2022-10-31;48.65999984741211;49.86000061035156;48.400001525878906;49.77000045776367;1407800
2022-11-01;50.130001068115234;50.5;49.400001525878906;49.47999954223633;1186000
2022-11-02;49.220001220703125;50.4900016784668;48.959999084472656;49.02000045776367;1080300
2022-11-03;48.36000061035156;49.54999923706055;48.13999938964844;49.189998626708984;726800
2022-11-04;49.790000915527344;50.529998779296875;49.29999923706055;50.15999984741211;1057300
2022-11-07;50.41999816894531;50.900001525878906;50.06999969482422;50.79999923706055;805300
2022-11-08;50.790000915527344;51.40999984741211;50.41999816894531;50.880001068115234;483800
2022-11-09;50.349998474121094;50.84000015258789;49.650001525878906;49.90999984741211;672000
2022-11-10;51.400001525878906;51.77000045776367;50.43000030517578;50.779998779296875;1205200
2022-11-11;50.869998931884766;51.20000076293945;48.61000061035156;49.31999969482422;1628300
2022-11-14;49.33000183105469;50.5;48.93000030517578;48.97999954223633;861900
2022-11-15;49.38999938964844;49.93000030517578;48.63999938964844;49.16999816894531;1447500
2022-11-16;49.189998626708984;50.119998931884766;48.709999084472656;49.880001068115234;656000
2022-11-17;49.209999084472656;49.709999084472656;48.77000045776367;49.709999084472656;716600
2022-11-18;50.27000045776367;50.959999084472656;50.189998626708984;50.810001373291016;636700
2022-11-21;50.83000183105469;51.540000915527344;50.630001068115234;50.63999938964844;1342600
2022-11-22;50.97999954223633;51.650001525878906;50.54999923706055;51.34000015258789;1495800
2022-11-23;51.060001373291016;52.25;51.060001373291016;51.880001068115234;679000
2022-11-25;51.970001220703125;52.869998931884766;51.90999984741211;52.5;323600
2022-11-28;52.040000915527344;52.459999084472656;51.29999923706055;51.56999969482422;686500
2022-11-29;51.470001220703125;51.7599983215332;50.560001373291016;50.7400016784668;808100
2022-11-30;50.54999923706055;51.84000015258789;50.5099983215332;51.66999816894531;1079700
2022-12-01;51.83000183105469;52.029998779296875;51.189998626708984;51.84000015258789;730500
2022-12-02;51.66999816894531;53.959999084472656;51.439998626708984;53.380001068115234;1071200
2022-12-05;53.08000183105469;53.439998626708984;52.7599983215332;53.310001373291016;1680500
2022-12-06;53.25;53.36000061035156;52.400001525878906;52.84000015258789;1360800
2022-12-07;52.56999969482422;53.130001068115234;51.900001525878906;51.90999984741211;819700
2022-12-08;52.18000030517578;52.560001373291016;51.18000030517578;51.439998626708984;1453200
2022-12-09;51.56999969482422;51.7400016784668;50.59000015258789;50.869998931884766;631900
2022-12-12;50.880001068115234;51.5099983215332;50.4900016784668;51.5;619700
2022-12-13;52.43000030517578;52.43000030517578;51.279998779296875;51.61000061035156;765300
2022-12-14;51.34000015258789;52.38999938964844;51.34000015258789;51.81999969482422;658000
2022-12-15;51.27000045776367;51.47999954223633;50.310001373291016;50.68000030517578;619400
2022-12-16;50.2400016784668;51.36000061035156;49.810001373291016;51.150001525878906;2017800
2022-12-19;51.15999984741211;51.5099983215332;50.7599983215332;51.099998474121094;713200
2022-12-20;51.189998626708984;52.029998779296875;51.06999969482422;51.20000076293945;870000
2022-12-21;51.939998626708984;52.790000915527344;51.880001068115234;52.790000915527344;805200
2022-12-22;52.68000030517578;52.779998779296875;51.02000045776367;51.869998931884766;600800
2022-12-23;51.7400016784668;52.31999969482422;51.5099983215332;52.279998779296875;532900
2022-12-27;52.22999954223633;53.040000915527344;52.189998626708984;52.650001525878906;368500
2022-12-28;52.75;53.06999969482422;52.0;52.06999969482422;545100
2022-12-29;52.31999969482422;52.86000061035156;52.150001525878906;52.380001068115234;571200
2022-12-30;52.189998626708984;52.91999816894531;51.86000061035156;52.79999923706055;766600
2023-01-03;52.79999923706055;53.119998931884766;51.91999816894531;52.2599983215332;753600
2023-01-04;52.279998779296875;52.720001220703125;51.04999923706055;51.540000915527344;1077300
2023-01-05;51.25;51.58000183105469;50.779998779296875;51.279998779296875;750600
2023-01-06;51.61000061035156;52.09000015258789;50.060001373291016;50.529998779296875;1574200
2023-01-09;50.54999923706055;50.59000015258789;49.27000045776367;49.70000076293945;1947000
2023-01-10;49.56999969482422;49.709999084472656;49.029998779296875;49.5099983215332;1222400
2023-01-11;49.83000183105469;50.25;49.29999923706055;50.11000061035156;1018200
2023-01-12;50.540000915527344;51.83000183105469;50.22999954223633;51.29999923706055;1120800
2023-01-13;51.04999923706055;51.220001220703125;50.31999969482422;51.209999084472656;1026200
2023-01-17;51.290000915527344;51.7400016784668;50.38999938964844;50.61000061035156;1231500
2023-01-18;50.7599983215332;50.83000183105469;49.630001068115234;49.70000076293945;1263200
2023-01-19;49.290000915527344;49.65999984741211;47.70000076293945;47.959999084472656;1583800
2023-01-20;48.189998626708984;49.38999938964844;47.77000045776367;49.060001373291016;1222100
2023-01-23;49.310001373291016;49.5099983215332;48.47999954223633;48.790000915527344;1286300
2023-01-24;49.18000030517578;50.060001373291016;48.369998931884766;49.45000076293945;796900
2023-01-25;49.33000183105469;50.4900016784668;49.189998626708984;50.36000061035156;673200
2023-01-26;50.72999954223633;50.939998626708984;50.130001068115234;50.84000015258789;690600
2023-01-27;50.81999969482422;50.90999984741211;49.869998931884766;49.97999954223633;590900
2023-01-30;49.9900016784668;50.90999984741211;49.939998626708984;50.119998931884766;581400
2023-01-31;50.400001525878906;51.29999923706055;50.27000045776367;51.22999954223633;743700
2023-02-01;51.040000915527344;51.45000076293945;50.459999084472656;51.25;821400
2023-02-02;51.099998474121094;51.61000061035156;50.7599983215332;51.45000076293945;969400
2023-02-03;51.43000030517578;51.709999084472656;51.029998779296875;51.08000183105469;702400
2023-02-06;51.15999984741211;51.72999954223633;50.84000015258789;51.36000061035156;815800
2023-02-07;51.16999816894531;52.06999969482422;50.95000076293945;52.060001373291016;835700
2023-02-08;51.86000061035156;52.27000045776367;51.400001525878906;51.630001068115234;813600
2023-02-09;51.869998931884766;52.11000061035156;51.02000045776367;51.599998474121094;861600
2023-02-10;51.65999984741211;52.27000045776367;51.470001220703125;52.27000045776367;875900
2023-02-13;52.439998626708984;53.18000030517578;52.2400016784668;52.63999938964844;958300
2023-02-14;52.4900016784668;52.68000030517578;51.720001220703125;52.029998779296875;837700
2023-02-15;51.68000030517578;51.81999969482422;51.099998474121094;51.7599983215332;1035500
2023-02-16;53.9900016784668;58.0;53.400001525878906;55.599998474121094;3431400
2023-02-17;55.68000030517578;56.5;55.13999938964844;55.529998779296875;1553300
2023-02-21;55.529998779296875;55.869998931884766;54.2599983215332;54.97999954223633;928300
2023-02-22;55.0099983215332;56.119998931884766;54.86000061035156;55.70000076293945;1456500
2023-02-23;55.91999816894531;56.16999816894531;54.97999954223633;55.38999938964844;721500
2023-02-24;55.20000076293945;55.66999816894531;54.9900016784668;55.529998779296875;562800
2023-02-27;55.61000061035156;56.040000915527344;55.13999938964844;55.41999816894531;660000
2023-02-28;55.470001220703125;55.84000015258789;54.93000030517578;55.11000061035156;893400
2023-03-01;55.04999923706055;55.540000915527344;54.75;55.099998474121094;692200
2023-03-02;55.22999954223633;55.529998779296875;54.86000061035156;55.2400016784668;691700
2023-03-03;55.25;55.529998779296875;54.91999816894531;55.40999984741211;716400
2023-03-06;55.25;55.40999984741211;54.560001373291016;54.72999954223633;938300
2023-03-07;54.77000045776367;55.2400016784668;54.560001373291016;54.619998931884766;585900
2023-03-08;54.619998931884766;54.849998474121094;53.79999923706055;54.61000061035156;981100
2023-03-09;54.790000915527344;55.220001220703125;54.09000015258789;54.150001525878906;1324400
2023-03-10;54.08000183105469;54.29999923706055;52.86000061035156;53.040000915527344;1381100
2023-03-13;52.04999923706055;53.36000061035156;52.04999923706055;52.650001525878906;1179500
2023-03-14;53.11000061035156;54.439998626708984;52.97999954223633;53.709999084472656;906700
2023-03-15;52.900001525878906;52.900001525878906;51.040000915527344;52.15999984741211;1392600
2023-03-16;51.779998779296875;52.619998931884766;51.29999923706055;52.2599983215332;1499100
2023-03-17;52.029998779296875;52.029998779296875;50.7400016784668;50.91999816894531;1493800
2023-03-20;51.2400016784668;52.130001068115234;50.970001220703125;51.540000915527344;1084700
2023-03-21;52.38999938964844;52.880001068115234;52.31999969482422;52.560001373291016;978600
2023-03-22;52.38999938964844;52.970001220703125;51.810001373291016;51.810001373291016;706300
2023-03-23;51.79999923706055;52.58000183105469;51.56999969482422;51.970001220703125;936600
2023-03-24;51.529998779296875;52.380001068115234;51.11000061035156;52.34000015258789;816600
2023-03-27;52.599998474121094;53.22999954223633;52.2599983215332;52.84000015258789;921700
2023-03-28;52.81999969482422;53.5099983215332;52.529998779296875;52.599998474121094;767000
2023-03-29;52.970001220703125;53.63999938964844;52.66999816894531;53.5;1118300
2023-03-30;54.0;54.72999954223633;53.88999938964844;54.380001068115234;1063600
2023-03-31;54.70000076293945;55.15999984741211;54.459999084472656;55.04999923706055;1021500
2023-04-03;55.0;55.959999084472656;54.66999816894531;55.70000076293945;1114100
2023-04-04;55.560001373291016;56.0;54.59000015258789;54.9900016784668;952400
2023-04-05;55.0099983215332;55.439998626708984;54.119998931884766;54.540000915527344;1780100
2023-04-06;54.5;54.81999969482422;54.310001373291016;54.709999084472656;1091100
2023-04-10;54.56999969482422;55.790000915527344;54.56999969482422;55.77000045776367;1083400
2023-04-11;56.029998779296875;56.7599983215332;55.95000076293945;56.2599983215332;1123000
2023-04-12;56.619998931884766;57.130001068115234;56.380001068115234;56.56999969482422;1298500
2023-04-13;56.689998626708984;57.560001373291016;56.349998474121094;57.13999938964844;742600
2023-04-14;56.88999938964844;57.130001068115234;56.060001373291016;56.439998626708984;1111900
2023-04-17;56.560001373291016;57.119998931884766;56.45000076293945;56.79999923706055;716500
2023-04-18;56.900001525878906;57.43000030517578;56.900001525878906;57.220001220703125;1178300
2023-04-19;57.630001068115234;57.779998779296875;56.75;57.13999938964844;1133400
2023-04-20;57.0099983215332;57.5;57.0;57.189998626708984;642000
2023-04-21;57.220001220703125;57.459999084472656;56.83000183105469;57.02000045776367;690300
2023-04-24;56.95000076293945;57.369998931884766;56.400001525878906;57.13999938964844;897500
2023-04-25;56.65999984741211;57.119998931884766;56.5099983215332;56.77000045776367;859000
2023-04-26;56.47999954223633;56.72999954223633;55.400001525878906;55.560001373291016;1282700
2023-04-27;55.630001068115234;56.61000061035156;55.619998931884766;56.52000045776367;765300
2023-04-28;56.52000045776367;57.02000045776367;55.970001220703125;56.72999954223633;1288900
2023-05-01;58.02000045776367;59.9900016784668;57.5;59.15999984741211;3158900
2023-05-02;59.22999954223633;59.22999954223633;57.2599983215332;59.060001373291016;1667300
2023-05-03;59.27000045776367;59.650001525878906;58.41999816894531;58.540000915527344;1284400
2023-05-04;58.130001068115234;58.33000183105469;57.09000015258789;57.66999816894531;1174800
2023-05-05;58.029998779296875;58.959999084472656;57.959999084472656;58.560001373291016;1338600
2023-05-08;58.75;59.09000015258789;58.0099983215332;58.33000183105469;1050700
2023-05-09;58.720001220703125;59.15999984741211;58.099998474121094;58.77000045776367;1724400
2023-05-10;58.970001220703125;59.65999984741211;58.7599983215332;59.310001373291016;843400
2023-05-11;59.0;59.65999984741211;59.0;59.11000061035156;842100
2023-05-12;59.459999084472656;59.959999084472656;58.83000183105469;59.18000030517578;645000
2023-05-15;59.22999954223633;59.59000015258789;59.0099983215332;59.189998626708984;857000
2023-05-16;59.0099983215332;59.189998626708984;58.2599983215332;58.5;1348500
2023-05-17;58.65999984741211;59.189998626708984;58.56999969482422;58.880001068115234;932700
2023-05-18;58.86000061035156;59.540000915527344;58.529998779296875;59.029998779296875;1273200
2023-05-19;59.43000030517578;59.619998931884766;58.45000076293945;58.869998931884766;870700
2023-05-22;58.709999084472656;59.11000061035156;58.369998931884766;58.91999816894531;878400
2023-05-23;58.54999923706055;59.27000045776367;58.41999816894531;58.779998779296875;846500
2023-05-24;58.709999084472656;58.79999923706055;57.709999084472656;57.790000915527344;1028400
2023-05-25;57.709999084472656;57.95000076293945;56.75;57.83000183105469;1137600
2023-05-26;58.02000045776367;58.650001525878906;57.880001068115234;58.369998931884766;843400
2023-05-30;58.720001220703125;59.18000030517578;58.29999923706055;58.810001373291016;963400
2023-05-31;58.470001220703125;59.36000061035156;58.27000045776367;59.02000045776367;1411500
2023-06-01;58.95000076293945;59.459999084472656;58.869998931884766;59.45000076293945;2145500
2023-06-02;59.84000015258789;61.86000061035156;59.66999816894531;61.630001068115234;2683600
2023-06-05;61.36000061035156;62.040000915527344;60.45000076293945;61.97999954223633;2206400
2023-06-06;61.97999954223633;62.43000030517578;61.5099983215332;61.939998626708984;2510900
2023-06-07;61.880001068115234;62.68000030517578;61.2599983215332;62.15999984741211;3111600
2023-06-08;62.130001068115234;63.43000030517578;62.04999923706055;63.11000061035156;2695900
2023-06-09;63.11000061035156;63.810001373291016;63.0099983215332;63.52000045776367;1475100
2023-06-12;63.689998626708984;64.23999786376953;63.369998931884766;63.97999954223633;1276800
2023-06-13;63.97999954223633;65.16999816894531;63.97999954223633;64.80999755859375;2034900
2023-06-14;64.66000366210938;65.22000122070312;64.44000244140625;64.7300033569336;2837900
2023-06-15;64.80999755859375;64.9800033569336;64.30999755859375;64.87999725341797;1375300
2023-06-16;65.19999694824219;65.62000274658203;65.01000213623047;65.56999969482422;1863000
2023-06-20;65.31999969482422;65.5999984741211;64.72000122070312;64.9000015258789;1715600
2023-06-21;64.73999786376953;65.33000183105469;64.41999816894531;65.29000091552734;1547300
2023-06-22;65.19999694824219;65.20999908447266;64.4000015258789;64.45999908447266;971500
2023-06-23;64.0;64.16999816894531;62.529998779296875;62.619998931884766;2720300
2023-06-26;62.56999969482422;63.54999923706055;62.25;63.18000030517578;793000
2023-06-27;63.20000076293945;64.33999633789062;63.20000076293945;64.20999908447266;1892100
2023-06-28;64.33999633789062;64.33999633789062;63.31999969482422;63.400001525878906;840400
2023-06-29;63.400001525878906;64.29000091552734;63.36000061035156;64.2699966430664;1092100
2023-06-30;64.66000366210938;65.43000030517578;64.66000366210938;65.05999755859375;1757600
2023-07-03;64.9000015258789;65.76000213623047;64.69000244140625;65.68000030517578;468400
2023-07-05;65.18000030517578;65.36000061035156;64.31999969482422;64.44000244140625;826400
2023-07-06;63.91999816894531;64.23999786376953;63.380001068115234;63.81999969482422;1782300
2023-07-07;63.59000015258789;64.79000091552734;63.59000015258789;64.02999877929688;1214100
2023-07-10;63.86000061035156;64.62000274658203;63.72999954223633;63.83000183105469;1103300
2023-07-11;63.970001220703125;64.95999908447266;63.79999923706055;64.94000244140625;1510000
2023-07-12;65.62000274658203;65.77999877929688;64.5199966430664;64.55000305175781;870600
2023-07-13;64.83999633789062;65.04000091552734;64.55000305175781;64.7699966430664;415500
2023-07-14;64.66999816894531;64.70999908447266;63.810001373291016;64.18000030517578;771500
2023-07-17;64.25;65.37999725341797;64.13999938964844;65.20999908447266;722500
2023-07-18;65.16000366210938;65.87000274658203;64.87000274658203;65.4000015258789;786500
2023-07-19;65.3499984741211;65.56999969482422;62.81999969482422;63.810001373291016;2046700
2023-07-20;64.19000244140625;64.69000244140625;63.79999923706055;64.33000183105469;1447700
2023-07-21;64.5999984741211;64.80000305175781;63.61000061035156;63.61000061035156;1040400
2023-07-24;64.5;65.58000183105469;63.439998626708984;63.459999084472656;841800
2023-07-25;63.029998779296875;63.959999084472656;62.720001220703125;63.86000061035156;988900
2023-07-26;63.72999954223633;64.0199966430664;63.189998626708984;63.52000045776367;892200
2023-07-27;62.61000061035156;63.290000915527344;60.79999923706055;61.709999084472656;1979000
2023-07-28;62.0099983215332;62.7400016784668;61.619998931884766;62.11000061035156;915800
2023-07-31;62.43000030517578;62.619998931884766;60.97999954223633;61.4900016784668;1481700
2023-08-01;61.45000076293945;62.099998474121094;61.400001525878906;61.9900016784668;940400
2023-08-02;61.790000915527344;61.95000076293945;61.27000045776367;61.68000030517578;792800
2023-08-03;61.61000061035156;61.61000061035156;61.0;61.220001220703125;920700
2023-08-04;61.31999969482422;62.13999938964844;61.06999969482422;61.47999954223633;1842900
2023-08-07;61.56999969482422;61.959999084472656;61.38999938964844;61.77000045776367;689100
2023-08-08;61.650001525878906;61.72999954223633;60.84000015258789;60.86000061035156;1278300
2023-08-09;60.689998626708984;61.470001220703125;60.31999969482422;61.06999969482422;523200
2023-08-10;61.09000015258789;61.43000030517578;60.56999969482422;60.7599983215332;1216600
2023-08-11;60.810001373291016;60.95000076293945;60.40999984741211;60.810001373291016;567800
2023-08-14;60.97999954223633;61.720001220703125;60.650001525878906;61.540000915527344;1025900
2023-08-15;61.029998779296875;61.380001068115234;60.41999816894531;60.459999084472656;900900
2023-08-16;60.470001220703125;60.630001068115234;59.72999954223633;59.849998474121094;574600
2023-08-17;59.91999816894531;60.209999084472656;58.83000183105469;59.11000061035156;2240500
2023-08-18;58.880001068115234;59.79999923706055;58.75;59.61000061035156;692700
2023-08-21;59.75;60.86000061035156;59.599998474121094;60.58000183105469;747300
2023-08-22;60.61000061035156;60.790000915527344;60.369998931884766;60.61000061035156;539200
2023-08-23;60.7400016784668;61.33000183105469;60.5;61.09000015258789;497700
2023-08-24;61.06999969482422;61.5;60.61000061035156;60.619998931884766;374400
2023-08-25;60.9900016784668;61.36000061035156;60.5;61.040000915527344;429100
2023-08-28;61.02000045776367;61.970001220703125;60.959999084472656;61.189998626708984;1491700
2023-08-29;61.06999969482422;61.290000915527344;60.47999954223633;61.13999938964844;734600
2023-08-30;61.290000915527344;61.970001220703125;61.18000030517578;61.47999954223633;520400
2023-08-31;61.650001525878906;61.7599983215332;61.349998474121094;61.52000045776367;660200
2023-09-01;61.7400016784668;62.310001373291016;61.7400016784668;62.27000045776367;608700
2023-09-05;61.86000061035156;62.22999954223633;60.65999984741211;60.77000045776367;1414900
2023-09-06;60.869998931884766;61.27000045776367;60.560001373291016;60.91999816894531;1100200
2023-09-07;60.7599983215332;61.04999923706055;59.91999816894531;60.06999969482422;2043400
2023-09-08;60.06999969482422;60.279998779296875;59.70000076293945;59.81999969482422;1547600
2023-09-11;59.95000076293945;60.13999938964844;59.65999984741211;59.790000915527344;1137100
2023-09-12;59.689998626708984;60.540000915527344;59.689998626708984;60.279998779296875;1211900
2023-09-13;60.11000061035156;60.45000076293945;59.290000915527344;59.59000015258789;1091400
2023-09-14;59.95000076293945;60.83000183105469;59.95000076293945;60.81999969482422;1246500
2023-09-15;60.84000015258789;61.0;59.849998474121094;60.209999084472656;3075800
2023-09-18;60.279998779296875;61.88999938964844;60.2599983215332;61.45000076293945;1922700
2023-09-19;61.59000015258789;61.65999984741211;60.65999984741211;60.849998474121094;949400
2023-09-20;60.95000076293945;61.689998626708984;60.720001220703125;60.84000015258789;1766300
2023-09-21;60.66999816894531;60.70000076293945;59.31999969482422;59.36000061035156;1187000
2023-09-22;59.400001525878906;59.86000061035156;59.220001220703125;59.220001220703125;1107800
2023-09-25;59.5;59.88999938964844;59.290000915527344;59.68000030517578;1051300
2023-09-26;59.52000045776367;59.810001373291016;58.380001068115234;58.41999816894531;1601000
2023-09-27;58.599998474121094;59.25;58.34000015258789;59.189998626708984;1934600
2023-09-28;59.369998931884766;59.75;59.060001373291016;59.470001220703125;1331200
2023-09-29;59.779998779296875;59.970001220703125;58.779998779296875;58.939998626708984;1171000
2023-10-02;58.650001525878906;59.52000045776367;58.15999984741211;58.56999969482422;1887600
2023-10-03;58.439998626708984;58.83000183105469;58.119998931884766;58.189998626708984;1382800
2023-10-04;58.08000183105469;58.38999938964844;56.900001525878906;57.81999969482422;1651300
2023-10-05;57.79999923706055;58.27000045776367;57.47999954223633;58.08000183105469;1293800
2023-10-06;57.83000183105469;59.47999954223633;57.70000076293945;59.13999938964844;1177800
2023-10-09;59.43000030517578;61.09000015258789;59.060001373291016;60.84000015258789;2081300
2023-10-10;60.9900016784668;61.65999984741211;60.779998779296875;61.34000015258789;1845000
2023-10-11;61.36000061035156;62.099998474121094;61.2400016784668;62.02000045776367;1418800
2023-10-12;62.31999969482422;62.54999923706055;60.779998779296875;61.16999816894531;1247000
2023-10-13;61.279998779296875;61.41999816894531;60.189998626708984;60.810001373291016;1055400
2023-10-16;61.369998931884766;61.77000045776367;61.060001373291016;61.09000015258789;1173900
2023-10-17;61.150001525878906;61.970001220703125;61.150001525878906;61.66999816894531;1936900
2023-10-18;61.33000183105469;61.349998474121094;60.43000030517578;60.560001373291016;1304500
2023-10-19;60.349998474121094;60.93000030517578;59.63999938964844;59.79999923706055;1609500
2023-10-20;59.65999984741211;60.09000015258789;58.790000915527344;59.0;1369900
2023-10-23;58.630001068115234;59.43000030517578;58.36000061035156;58.4900016784668;1437800
2023-10-24;58.9900016784668;59.459999084472656;58.119998931884766;58.150001525878906;1609700
2023-10-25;58.279998779296875;58.880001068115234;57.959999084472656;58.15999984741211;1288000
2023-10-26;58.099998474121094;58.84000015258789;57.81999969482422;58.31999969482422;1614600
2023-10-27;58.119998931884766;58.36000061035156;56.77000045776367;57.13999938964844;1989800
2023-10-30;57.540000915527344;57.869998931884766;56.790000915527344;57.40999984741211;1857200
2023-10-31;57.619998931884766;58.310001373291016;57.439998626708984;58.150001525878906;1418800
2023-11-01;58.08000183105469;58.720001220703125;57.7599983215332;58.27000045776367;1274500
2023-11-02;55.900001525878906;55.900001525878906;49.779998779296875;50.369998931884766;7246500
2023-11-03;50.47999954223633;51.06999969482422;49.369998931884766;50.7400016784668;3611500
2023-11-06;50.81999969482422;50.869998931884766;49.70000076293945;49.880001068115234;2394800
2023-11-07;49.849998474121094;51.93000030517578;49.689998626708984;51.400001525878906;3307700
2023-11-08;51.310001373291016;52.20000076293945;51.310001373291016;51.619998931884766;2129900
2023-11-09;53.0;53.279998779296875;52.20000076293945;52.529998779296875;2266600
2023-11-10;52.43000030517578;52.790000915527344;52.11000061035156;52.63999938964844;1424900
2023-11-13;52.34000015258789;53.060001373291016;52.2400016784668;52.72999954223633;1532700
2023-11-14;52.939998626708984;53.68000030517578;52.939998626708984;53.040000915527344;1749200
2023-11-15;53.13999938964844;53.33000183105469;52.5099983215332;52.54999923706055;1723500
2023-11-16;52.68000030517578;52.81999969482422;52.119998931884766;52.16999816894531;1620300
2023-11-17;52.439998626708984;52.61000061035156;51.40999984741211;51.86000061035156;2021200
2023-11-20;51.720001220703125;52.709999084472656;51.630001068115234;52.43000030517578;1317700
2023-11-21;52.349998474121094;52.40999984741211;52.02000045776367;52.16999816894531;927400
2023-11-22;52.060001373291016;52.59000015258789;51.84000015258789;52.33000183105469;1047100
2023-11-24;52.349998474121094;52.4900016784668;52.0;52.27000045776367;207900
2023-11-27;52.2599983215332;52.709999084472656;52.0;52.59000015258789;1271200
2023-11-28;52.41999816894531;52.41999816894531;50.790000915527344;50.790000915527344;2696100
2023-11-29;51.02000045776367;51.810001373291016;50.45000076293945;51.599998474121094;2622100
2023-11-30;51.810001373291016;51.849998474121094;51.33000183105469;51.66999816894531;1823500
2023-12-01;51.66999816894531;52.900001525878906;51.66999816894531;52.59000015258789;1526200
2023-12-04;52.5;53.529998779296875;52.34000015258789;53.11000061035156;2174200
2023-12-05;52.83000183105469;53.52000045776367;52.400001525878906;52.40999984741211;1938200
2023-12-06;52.5099983215332;53.150001525878906;52.25;52.619998931884766;1460800
2023-12-07;52.59000015258789;52.66999816894531;52.15999984741211;52.54999923706055;1529500
2023-12-08;52.59000015258789;52.79999923706055;52.0;52.2400016784668;2140200
2023-12-11;52.2599983215332;52.7599983215332;52.25;52.38999938964844;741200
2023-12-12;52.279998779296875;53.54999923706055;52.279998779296875;53.400001525878906;1714100
2023-12-13;53.439998626708984;54.36000061035156;53.439998626708984;54.13999938964844;1303400
2023-12-14;54.15999984741211;54.560001373291016;53.20000076293945;53.900001525878906;1765100
2023-12-15;53.790000915527344;53.95000076293945;53.2400016784668;53.29999923706055;2630800
2023-12-18;53.56999969482422;54.54999923706055;53.5;53.970001220703125;1606200
2023-12-19;53.9900016784668;54.279998779296875;53.709999084472656;54.150001525878906;1495400
2023-12-20;54.060001373291016;54.439998626708984;53.529998779296875;53.529998779296875;1428000
2023-12-21;53.880001068115234;54.290000915527344;53.470001220703125;54.11000061035156;1324000
2023-12-22;54.290000915527344;54.650001525878906;54.20000076293945;54.45000076293945;1246800
2023-12-26;54.310001373291016;54.86000061035156;54.279998779296875;54.66999816894531;825200
2023-12-27;54.68000030517578;54.75;54.380001068115234;54.540000915527344;1209600
2023-12-28;54.56999969482422;55.279998779296875;54.5;55.099998474121094;1146500
2023-12-29;55.060001373291016;55.68000030517578;55.060001373291016;55.40999984741211;1306000
2024-01-02;55.29999923706055;56.20000076293945;55.189998626708984;55.900001525878906;1294500
2024-01-03;55.66999816894531;55.79999923706055;54.93000030517578;54.95000076293945;1182700
2024-01-04;55.119998931884766;55.22999954223633;54.0;54.060001373291016;1268400
2024-01-05;54.0;54.4900016784668;53.939998626708984;54.119998931884766;1199600
2024-01-08;53.77000045776367;54.2599983215332;52.34000015258789;54.209999084472656;2323300
2024-01-09;54.029998779296875;54.209999084472656;53.33000183105469;53.86000061035156;826100
2024-01-10;53.95000076293945;54.86000061035156;53.95000076293945;54.599998474121094;1477800
2024-01-11;54.689998626708984;54.86000061035156;54.13999938964844;54.45000076293945;1052900
2024-01-12;54.70000076293945;54.83000183105469;54.15999984741211;54.709999084472656;774000
2024-01-16;54.56999969482422;54.56999969482422;53.810001373291016;54.0099983215332;1215100
2024-01-17;53.470001220703125;54.20000076293945;53.25;53.34000015258789;595800
2024-01-18;53.599998474121094;53.599998474121094;52.86000061035156;53.560001373291016;941700
2024-01-19;53.709999084472656;53.709999084472656;53.11000061035156;53.43000030517578;535500
2024-01-22;53.52000045776367;54.189998626708984;53.2599983215332;53.970001220703125;884300
2024-01-23;54.189998626708984;54.38999938964844;53.38999938964844;53.7599983215332;904700
2024-01-24;54.119998931884766;54.400001525878906;52.650001525878906;52.65999984741211;1351900
2024-01-25;52.7400016784668;53.060001373291016;51.599998474121094;52.54999923706055;1755600
2024-01-26;52.939998626708984;53.06999969482422;52.189998626708984;52.529998779296875;2106100
2024-01-29;52.33000183105469;53.18000030517578;52.119998931884766;53.18000030517578;1764400
2024-01-30;53.20000076293945;53.599998474121094;52.970001220703125;53.45000076293945;1399000
2024-01-31;53.599998474121094;53.599998474121094;52.0;52.11000061035156;1453600
2024-02-01;52.13999938964844;53.11000061035156;52.06999969482422;53.08000183105469;929900
2024-02-02;52.779998779296875;53.310001373291016;52.52000045776367;52.9900016784668;1240900
2024-02-05;52.7599983215332;52.790000915527344;51.95000076293945;52.5099983215332;1003600
2024-02-06;52.599998474121094;53.08000183105469;52.56999969482422;52.88999938964844;993900
2024-02-07;53.0;53.459999084472656;52.83000183105469;53.349998474121094;821000
2024-02-08;53.290000915527344;54.04999923706055;53.2599983215332;53.650001525878906;818100
2024-02-09;53.849998474121094;54.22999954223633;53.790000915527344;53.959999084472656;1062100
2024-02-12;54.040000915527344;54.400001525878906;53.939998626708984;53.97999954223633;1743900
2024-02-13;53.81999969482422;53.9900016784668;52.93000030517578;53.04999923706055;1194500
2024-02-14;53.59000015258789;54.150001525878906;53.4900016784668;53.97999954223633;1384800
2024-02-15;54.150001525878906;55.369998931884766;54.0099983215332;55.16999816894531;1945900
2024-02-16;55.130001068115234;55.810001373291016;54.880001068115234;55.290000915527344;2012700
2024-02-20;53.95000076293945;58.38999938964844;53.06999969482422;57.45000076293945;4451300
2024-02-21;58.0;59.310001373291016;57.95000076293945;58.84000015258789;3795700
2024-02-22;59.150001525878906;59.68000030517578;58.5099983215332;59.279998779296875;2108600
2024-02-23;59.310001373291016;59.68000030517578;59.2599983215332;59.529998779296875;1087400
2024-02-26;59.7599983215332;59.869998931884766;59.349998474121094;59.4900016784668;1406200
2024-02-27;59.43000030517578;59.7599983215332;59.279998779296875;59.41999816894531;1012200
2024-02-28;59.459999084472656;60.04999923706055;59.40999984741211;59.810001373291016;925000
2024-02-29;59.939998626708984;60.279998779296875;59.43000030517578;60.029998779296875;1813700
2024-03-01;59.88999938964844;60.18000030517578;59.650001525878906;59.90999984741211;1613900
2024-03-04;60.08000183105469;60.95000076293945;59.83000183105469;60.77000045776367;1080500
2024-03-05;60.849998474121094;61.97999954223633;60.849998474121094;61.720001220703125;1842400
2024-03-06;62.060001373291016;62.619998931884766;61.5099983215332;61.720001220703125;1715200
2024-03-07;61.959999084472656;62.38999938964844;61.72999954223633;62.130001068115234;1662100
2024-03-08;62.29999923706055;62.91999816894531;61.529998779296875;61.65999984741211;1192500
2024-03-11;61.380001068115234;61.810001373291016;60.77000045776367;61.130001068115234;808400
2024-03-12;61.16999816894531;61.290000915527344;60.540000915527344;60.939998626708984;1212700
2024-03-13;61.13999938964844;61.630001068115234;61.099998474121094;61.290000915527344;1229800
2024-03-14;61.209999084472656;61.630001068115234;60.369998931884766;60.619998931884766;922500
2024-03-15;60.400001525878906;60.95000076293945;60.15999984741211;60.2599983215332;1861200
2024-03-18;60.29999923706055;60.86000061035156;59.91999816894531;60.0099983215332;1157600
2024-03-19;60.0099983215332;60.630001068115234;59.70000076293945;60.43000030517578;1055300
2024-03-20;60.599998474121094;60.75;60.08000183105469;60.380001068115234;749200
2024-03-21;60.599998474121094;61.81999969482422;60.5099983215332;61.7599983215332;1412000
2024-03-22;61.91999816894531;61.91999816894531;61.130001068115234;61.40999984741211;848300
2024-03-25;61.52000045776367;61.560001373291016;61.06999969482422;61.119998931884766;438800
2024-03-26;61.290000915527344;61.65999984741211;61.11000061035156;61.43000030517578;679600
2024-03-27;62.060001373291016;63.150001525878906;62.040000915527344;63.130001068115234;1339700
2024-03-28;63.54999923706055;64.30000305175781;63.209999084472656;63.65999984741211;1767100
2024-04-01;63.31999969482422;63.400001525878906;62.79999923706055;63.31999969482422;1155200
2024-04-02;63.18000030517578;63.43000030517578;62.869998931884766;63.029998779296875;917900
2024-04-03;62.88999938964844;64.02999877929688;62.88999938964844;63.790000915527344;1105200
2024-04-04;64.66999816894531;65.26000213623047;63.81999969482422;64.31999969482422;1567400
2024-04-05;64.11000061035156;65.08000183105469;64.11000061035156;64.93000030517578;880700
2024-04-08;65.16999816894531;65.36000061035156;64.31999969482422;64.33999633789062;1084700
2024-04-09;64.95999908447266;65.12000274658203;63.869998931884766;64.25;1296800
2024-04-10;63.36000061035156;64.13999938964844;63.02000045776367;63.91999816894531;1185300
2024-04-11;64.0199966430664;64.13999938964844;63.20000076293945;63.68000030517578;1370700
2024-04-12;63.68000030517578;63.869998931884766;62.5099983215332;62.7400016784668;941700
2024-04-15;63.25;63.380001068115234;61.4900016784668;61.68000030517578;1150200
2024-04-16;61.66999816894531;62.209999084472656;61.27000045776367;61.97999954223633;1255900
2024-04-17;62.220001220703125;62.540000915527344;61.869998931884766;62.220001220703125;1008700
2024-04-18;62.43000030517578;62.880001068115234;62.08000183105469;62.130001068115234;980200
2024-04-19;62.31999969482422;62.88999938964844;62.279998779296875;62.66999816894531;695100
2024-04-22;63.0099983215332;63.369998931884766;62.599998474121094;63.119998931884766;967100
2024-04-23;65.62000274658203;65.62000274658203;63.540000915527344;64.19999694824219;1447200
2024-04-24;64.05000305175781;64.44000244140625;63.72999954223633;64.37999725341797;1110600
2024-04-25;64.16000366210938;65.33999633789062;64.08999633789062;65.23999786376953;1081100
2024-04-26;65.02999877929688;65.8499984741211;65.02999877929688;65.30000305175781;1347900
2024-04-29;65.31999969482422;66.19999694824219;65.31999969482422;66.0;1807100
2024-04-30;66.0199966430664;66.5999984741211;64.54000091552734;64.94000244140625;1908900
2024-05-01;65.51000213623047;65.95999908447266;64.77999877929688;65.55999755859375;2041000
2024-05-02;65.88999938964844;66.61000061035156;65.47000122070312;66.51000213623047;1348400
2024-05-03;66.76000213623047;66.9800033569336;65.86000061035156;66.79000091552734;1211200
2024-05-06;67.19999694824219;68.68000030517578;67.19999694824219;68.0;1075700
2024-05-07;68.02999877929688;68.19000244140625;67.30999755859375;67.30999755859375;1376100
2024-05-08;67.2300033569336;67.2300033569336;65.1500015258789;66.48999786376953;1696000
2024-05-09;66.80000305175781;67.33000183105469;66.48999786376953;66.54000091552734;1290800
2024-05-10;66.9800033569336;66.9800033569336;66.30999755859375;66.5;834600
2024-05-13;66.63999938964844;66.76000213623047;65.88999938964844;66.19999694824219;983600
2024-05-14;66.61000061035156;66.63999938964844;65.88999938964844;65.97000122070312;1139200
2024-05-15;66.19999694824219;66.41000366210938;65.72000122070312;65.93000030517578;1023200
2024-05-16;65.8499984741211;66.02999877929688;65.51000213623047;65.86000061035156;1141400
2024-05-17;65.95999908447266;65.95999908447266;65.4000015258789;65.63999938964844;673400
2024-05-20;65.76000213623047;66.41999816894531;65.58999633789062;66.11000061035156;784200
2024-05-21;65.94999694824219;66.58000183105469;65.87999725341797;66.58000183105469;719800
2024-05-22;66.44000244140625;66.5999984741211;65.95999908447266;66.06999969482422;898200
2024-05-23;66.19999694824219;66.56999969482422;65.8499984741211;65.94999694824219;845700
2024-05-24;66.37000274658203;66.41999816894531;65.95999908447266;66.37000274658203;459000
2024-05-28;66.38999938964844;66.75;65.4800033569336;65.7699966430664;679300
2024-05-29;65.18000030517578;65.33000183105469;64.44999694824219;64.45999908447266;1044700
2024-05-30;64.30000305175781;65.0999984741211;64.30000305175781;64.8499984741211;1064400
2024-05-31;65.13999938964844;65.76000213623047;64.48999786376953;65.66000366210938;1188300
2024-06-03;65.70999908447266;65.87999725341797;64.2699966430664;64.54000091552734;1010100
2024-06-04;64.48999786376953;64.5;62.40999984741211;62.47999954223633;1474400
2024-06-05;62.47999954223633;63.349998474121094;62.130001068115234;63.220001220703125;1187200
2024-06-06;63.22999954223633;63.70000076293945;62.77000045776367;62.97999954223633;735800
2024-06-07;62.720001220703125;63.56999969482422;62.720001220703125;63.08000183105469;688200
2024-06-10;62.43000030517578;64.04000091552734;62.43000030517578;63.959999084472656;949900
2024-06-11;63.77000045776367;63.880001068115234;63.029998779296875;63.79999923706055;675500
2024-06-12;64.20999908447266;64.83999633789062;63.849998474121094;64.38999938964844;814800
2024-06-13;64.3499984741211;64.58999633789062;63.279998779296875;63.79999923706055;698300
2024-06-14;63.11000061035156;63.47999954223633;62.5099983215332;63.31999969482422;613400
2024-06-17;62.9900016784668;63.86000061035156;62.88999938964844;63.779998779296875;601400
2024-06-18;63.88999938964844;64.30999755859375;63.70000076293945;64.05000305175781;585100
2024-06-20;64.12000274658203;64.36000061035156;63.90999984741211;64.0999984741211;578700
2024-06-21;64.08999633789062;64.29000091552734;63.61000061035156;64.08999633789062;1393400
2024-06-24;64.16000366210938;65.02999877929688;64.08000183105469;64.44000244140625;838400
2024-06-25;64.6500015258789;64.8499984741211;63.900001525878906;64.4000015258789;830400
2024-06-26;64.0;64.08999633789062;63.130001068115234;63.79999923706055;1207400
2024-06-27;64.05999755859375;64.31999969482422;63.7400016784668;64.19999694824219;1477200
2024-06-28;64.5;64.76000213623047;63.7599983215332;64.13999938964844;2465100
2024-07-01;64.5;64.6500015258789;63.54999923706055;63.63999938964844;934300
2024-07-02;63.58000183105469;64.23999786376953;63.470001220703125;63.83000183105469;757200
2024-07-03;63.869998931884766;64.61000061035156;63.66999816894531;64.38999938964844;490900
2024-07-05;64.22000122070312;64.36000061035156;63.63999938964844;63.90999984741211;471700
2024-07-08;64.18000030517578;64.51000213623047;63.459999084472656;63.47999954223633;545500
2024-07-09;63.380001068115234;63.380001068115234;62.470001220703125;62.540000915527344;546700
2024-07-10;62.68000030517578;63.84000015258789;62.68000030517578;63.79999923706055;890200
2024-07-11;64.11000061035156;64.88999938964844;63.959999084472656;64.7300033569336;947900
2024-07-12;65.0;65.68000030517578;64.95999908447266;65.29000091552734;718100
2024-07-15;65.56999969482422;66.05000305175781;65.37000274658203;65.5;1027100
2024-07-16;66.12999725341797;67.79000091552734;65.79000091552734;67.5999984741211;1010500
2024-07-17;67.51000213623047;68.8499984741211;67.19999694824219;67.25;976400
2024-07-18;67.16999816894531;68.30000305175781;67.02999877929688;67.08000183105469;960200
2024-07-19;67.11000061035156;67.80999755859375;66.52999877929688;67.68000030517578;1610400
2024-07-22;67.81999969482422;68.5;67.3499984741211;68.37999725341797;892700
2024-07-23;68.69999694824219;69.37000274658203;68.0;68.58999633789062;1995600
2024-07-24;68.94999694824219;68.94999694824219;65.44999694824219;66.38999938964844;2312900
2024-07-25;66.4000015258789;67.37000274658203;66.18000030517578;66.62999725341797;1244400
2024-07-26;67.2699966430664;67.2699966430664;65.73999786376953;65.7699966430664;1383500
2024-07-29;65.94000244140625;66.58999633789062;65.7300033569336;66.56999969482422;1186100
2024-07-30;66.63999938964844;67.36000061035156;65.93000030517578;66.11000061035156;709400
2024-07-31;66.72000122070312;67.12999725341797;66.0199966430664;66.58999633789062;1026500
2024-08-01;66.56999969482422;67.08000183105469;65.16999816894531;65.94000244140625;817500
2024-08-02;65.0;65.62000274658203;64.4800033569336;65.30999755859375;833600
2024-08-05;62.880001068115234;64.0199966430664;61.86000061035156;62.9900016784668;906000
2024-08-06;63.2400016784668;64.05000305175781;62.5;63.22999954223633;602600
2024-08-07;63.84000015258789;64.52999877929688;62.88999938964844;63.04999923706055;1067300
2024-08-08;63.4900016784668;64.20999908447266;63.36000061035156;63.810001373291016;635300
2024-08-09;64.0;64.31999969482422;63.45000076293945;64.2699966430664;500100
2024-08-12;64.27999877929688;64.79000091552734;64.02999877929688;64.77999877929688;651000
2024-08-13;65.0;65.48999786376953;64.41000366210938;64.91000366210938;602300
2024-08-14;64.86000061035156;65.0199966430664;64.5;64.83000183105469;394600
2024-08-15;65.38999938964844;66.0199966430664;64.9000015258789;65.98999786376953;751000
2024-08-16;65.91000366210938;66.01000213623047;65.3499984741211;65.44999694824219;539300
2024-08-19;65.54000091552734;66.6500015258789;65.45999908447266;66.52999877929688;716300
2024-08-20;66.5;66.7699966430664;65.98999786376953;66.2699966430664;456400
2024-08-21;66.5;66.97000122070312;66.25;66.7300033569336;377400
2024-08-22;67.01000213623047;67.33999633789062;66.51000213623047;66.70999908447266;370500
2024-08-23;67.05000305175781;67.5;66.9000015258789;67.25;522700
2024-08-26;67.5999984741211;67.98999786376953;67.20999908447266;67.26000213623047;492800
2024-08-27;66.87000274658203;68.08000183105469;66.61000061035156;67.9800033569336;451500
2024-08-28;67.9000015258789;68.5999984741211;67.9000015258789;68.29000091552734;1028000
2024-08-29;68.79000091552734;69.13999938964844;68.08000183105469;68.63999938964844;650800
2024-08-30;68.75;69.4000015258789;68.54000091552734;69.36000061035156;619000
2024-09-03;69.19000244140625;69.5;67.12999725341797;67.20999908447266;735200
2024-09-04;66.94000244140625;67.43000030517578;66.58000183105469;66.7300033569336;750500
2024-09-05;67.4000015258789;67.5;66.27999877929688;66.4000015258789;1020100
2024-09-06;66.01000213623047;66.01000213623047;61.66999816894531;62.040000915527344;2053400
2024-09-09;62.38999938964844;62.650001525878906;61.29999923706055;61.5099983215332;1717700
2024-09-10;61.58000183105469;61.689998626708984;60.52000045776367;60.849998474121094;1093200
2024-09-11;60.52000045776367;61.20000076293945;59.66999816894531;60.90999984741211;866400
2024-09-12;61.099998474121094;61.880001068115234;60.380001068115234;61.59000015258789;925000
2024-09-13;61.900001525878906;62.290000915527344;61.779998779296875;62.22999954223633;946100
2024-09-16;62.75;62.75;61.65999984741211;61.790000915527344;897300
2024-09-17;61.849998474121094;62.380001068115234;61.560001373291016;62.029998779296875;773700
2024-09-18;62.209999084472656;62.72999954223633;61.70000076293945;62.15999984741211;1167900
2024-09-19;63.09000015258789;63.599998474121094;62.560001373291016;63.560001373291016;928600
2024-09-20;63.560001373291016;64.0;62.84000015258789;63.58000183105469;1638900
2024-09-23;63.720001220703125;64.4000015258789;63.43000030517578;64.37000274658203;1018400
2024-09-24;64.44000244140625;64.9800033569336;64.44000244140625;64.68000030517578;926000
2024-09-25;64.83000183105469;65.0199966430664;64.11000061035156;64.44999694824219;767000
2024-09-26;64.79000091552734;65.05000305175781;64.48999786376953;64.66000366210938;825400
2024-09-27;64.95999908447266;65.05000305175781;63.88999938964844;64.18000030517578;944300
2024-09-30;64.37999725341797;65.33000183105469;64.0999984741211;65.12999725341797;1088200
2024-10-01;65.12999725341797;65.88999938964844;64.44999694824219;65.75;753300
2024-10-02;65.70999908447266;66.56999969482422;65.37999725341797;66.01000213623047;1044700
2024-10-03;65.9800033569336;66.43000030517578;65.7699966430664;66.36000061035156;806200
2024-10-04;67.0;68.30000305175781;67.0;68.25;983300
2024-10-07;67.97000122070312;68.86000061035156;67.63999938964844;68.26000213623047;869200
2024-10-08;68.55999755859375;68.6500015258789;67.9000015258789;68.33000183105469;744100
2024-10-09;68.18000030517578;69.1500015258789;68.0;68.26000213623047;764200
2024-10-10;68.11000061035156;68.11000061035156;67.44000244140625;67.75;917100
2024-10-11;67.80999755859375;69.16000366210938;67.80999755859375;69.08999633789062;796400
2024-10-14;69.30999755859375;69.58999633789062;69.18000030517578;69.47000122070312;629800
2024-10-15;69.4800033569336;69.7699966430664;67.8499984741211;67.87000274658203;1041500
2024-10-16;67.98999786376953;69.12000274658203;67.5999984741211;68.6500015258789;1035700
2024-10-17;68.75;69.56999969482422;68.4800033569336;69.43000030517578;831500
2024-10-18;69.5;70.55999755859375;69.41000366210938;70.51000213623047;1171100
2024-10-21;70.51000213623047;71.11000061035156;70.37000274658203;71.08000183105469;953000
2024-10-22;71.08000183105469;71.37999725341797;70.37000274658203;70.4000015258789;1967500
2024-10-23;68.29000091552734;71.18000030517578;66.37000274658203;67.25;2818600
2024-10-24;67.19999694824219;67.55999755859375;66.5199966430664;67.05000305175781;1319800
2024-10-25;67.52999877929688;67.52999877929688;66.44000244140625;66.75;898300
2024-10-28;66.91999816894531;67.43000030517578;66.88999938964844;67.19999694824219;1123900
2024-10-29;67.02999877929688;67.37000274658203;66.54000091552734;67.26000213623047;1375900
2024-10-30;67.0;68.5199966430664;67.0;68.27999877929688;1164200
2024-10-31;67.94999694824219;68.23999786376953;66.93000030517578;67.01000213623047;1297600
2024-11-01;67.36000061035156;68.66999816894531;67.0199966430664;67.29000091552734;1020500
2024-11-04;67.37999725341797;67.81999969482422;66.98999786376953;67.37999725341797;780900
2024-11-05;67.44000244140625;68.37999725341797;67.33000183105469;68.02999877929688;793300
2024-11-06;71.72000122070312;71.72000122070312;69.6500015258789;70.0;1524000
2024-11-07;69.94999694824219;71.11000061035156;69.83000183105469;70.80999755859375;1183400
2024-11-08;71.0;71.94000244140625;70.58000183105469;71.58999633789062;1097900
2024-11-11;72.0;72.5999984741211;71.80000305175781;72.0199966430664;1045700
2024-11-12;71.95999908447266;72.27999877929688;71.19999694824219;71.51000213623047;1100200
2024-11-13;71.77999877929688;72.11000061035156;69.94000244140625;69.97000122070312;1347400
2024-11-14;69.87999725341797;70.02999877929688;59.72999954223633;60.15999984741211;6783800
2024-11-15;59.86000061035156;59.959999084472656;57.09000015258789;58.650001525878906;4063100
2024-11-18;58.650001525878906;58.84000015258789;57.75;58.150001525878906;3251900
2024-11-19;57.75;59.150001525878906;57.599998474121094;58.290000915527344;2761900
2024-11-20;58.400001525878906;58.619998931884766;57.130001068115234;58.08000183105469;1562400
2024-11-21;58.31999969482422;60.599998474121094;57.790000915527344;60.22999954223633;3807500
2024-11-22;60.83000183105469;62.0099983215332;60.4900016784668;61.7599983215332;2418000
2024-11-25;61.68000030517578;61.970001220703125;60.540000915527344;61.43000030517578;1882300
2024-11-26;61.459999084472656;61.849998474121094;60.650001525878906;61.59000015258789;1137100
2024-11-27;61.68000030517578;62.13999938964844;60.709999084472656;61.18000030517578;855200
2024-11-29;61.189998626708984;61.58000183105469;60.779998779296875;60.83000183105469;869400
2024-12-02;61.0;61.40999984741211;60.630001068115234;61.06999969482422;1068900
2024-12-03;60.959999084472656;61.27000045776367;60.5099983215332;60.86000061035156;1147300
2024-12-04;60.900001525878906;61.4900016784668;60.650001525878906;61.150001525878906;645900
2024-12-05;61.18000030517578;61.20000076293945;60.0;60.400001525878906;1202700
2024-12-06;60.61000061035156;60.7400016784668;58.88999938964844;59.400001525878906;1506900
2024-12-09;59.58000183105469;59.58000183105469;58.900001525878906;59.02000045776367;1008300
2024-12-10;58.869998931884766;59.439998626708984;58.029998779296875;59.25;2140900
2024-12-11;59.810001373291016;60.11000061035156;59.119998931884766;59.31999969482422;2067500
2024-12-12;59.20000076293945;59.20000076293945;58.349998474121094;58.70000076293945;1325900
2024-12-13;58.220001220703125;59.06999969482422;58.119998931884766;58.470001220703125;932200
2024-12-16;58.20000076293945;59.439998626708984;58.13999938964844;58.599998474121094;1702100
2024-12-17;58.20000076293945;58.79999923706055;56.65999984741211;56.81999969482422;1396200
2024-12-18;57.189998626708984;57.47999954223633;55.119998931884766;55.189998626708984;1537100
2024-12-19;57.540000915527344;59.77000045776367;56.91999816894531;57.36000061035156;5192800
2024-12-20;56.66999816894531;57.959999084472656;56.56999969482422;56.9900016784668;3578300
2024-12-23;57.09000015258789;57.5;56.439998626708984;57.40999984741211;945700
2024-12-24;57.220001220703125;57.56999969482422;56.849998474121094;57.22999954223633;440200
2024-12-26;57.04999923706055;58.15999984741211;56.97999954223633;57.63999938964844;736000
2024-12-27;57.33000183105469;57.81999969482422;56.7400016784668;57.04999923706055;611700
2024-12-30;56.43000030517578;57.720001220703125;56.279998779296875;57.29999923706055;922500
2024-12-31;57.630001068115234;58.25;57.279998779296875;57.93000030517578;1504800
2025-01-02;58.5;58.56999969482422;57.540000915527344;57.880001068115234;1083800
2025-01-03;57.869998931884766;59.060001373291016;57.7400016784668;59.0099983215332;1117800
2025-01-06;59.15999984741211;59.720001220703125;57.56999969482422;57.63999938964844;847300
2025-01-07;57.790000915527344;58.34000015258789;57.04999923706055;57.810001373291016;1284200
2025-01-08;57.54999923706055;57.86000061035156;55.91999816894531;57.5099983215332;1369300
2025-01-10;57.099998474121094;58.900001525878906;56.970001220703125;58.34000015258789;1407300
2025-01-13;57.83000183105469;59.41999816894531;57.83000183105469;59.27000045776367;942900
2025-01-14;59.15999984741211;59.459999084472656;57.5;59.11000061035156;937500
2025-01-15;59.66999816894531;60.0;59.150001525878906;59.59000015258789;1235600
2025-01-16;59.7400016784668;60.02000045776367;59.06999969482422;59.79999923706055;760100
2025-01-17;60.25;60.25;59.310001373291016;59.36000061035156;931500
2025-01-21;60.040000915527344;60.97999954223633;60.029998779296875;60.470001220703125;1175800
2025-01-22;60.709999084472656;60.880001068115234;59.31999969482422;59.47999954223633;920900
2025-01-23;59.279998779296875;59.310001373291016;57.0099983215332;57.54999923706055;1874800
2025-01-24;57.70000076293945;57.849998474121094;55.959999084472656;56.29999923706055;1897500
2025-01-27;56.4900016784668;57.4900016784668;55.310001373291016;55.689998626708984;1255500
2025-01-28;55.75;56.0;54.560001373291016;54.61000061035156;1687100
2025-01-29;54.709999084472656;55.20000076293945;54.2400016784668;54.560001373291016;1337800
2025-01-30;54.88999938964844;55.810001373291016;54.68000030517578;55.810001373291016;1309400
2025-01-31;55.439998626708984;55.439998626708984;53.040000915527344;54.41999816894531;2183900
2025-02-03;53.43000030517578;53.91999816894531;52.56999969482422;53.470001220703125;928000
2025-02-04;53.20000076293945;53.709999084472656;52.83000183105469;53.099998474121094;964600
2025-02-05;53.58000183105469;53.970001220703125;53.220001220703125;53.7599983215332;963700
2025-02-06;53.90999984741211;54.459999084472656;53.599998474121094;54.400001525878906;1082200
2025-02-07;54.70000076293945;55.09000015258789;54.099998474121094;54.560001373291016;1111800
2025-02-10;54.599998474121094;55.93000030517578;54.290000915527344;55.369998931884766;1365300
2025-02-11;55.33000183105469;55.33000183105469;54.5;54.7400016784668;893400
2025-02-12;54.27000045776367;54.7599983215332;53.150001525878906;53.29999923706055;2033400
2025-02-13;53.470001220703125;53.470001220703125;52.18000030517578;52.45000076293945;1886000
2025-02-14;52.599998474121094;53.13999938964844;51.31999969482422;51.97999954223633;1556700
2025-02-18;52.189998626708984;52.41999816894531;51.529998779296875;52.15999984741211;1522700
2025-02-19;51.689998626708984;52.08000183105469;51.310001373291016;51.619998931884766;1810900
2025-02-20;51.400001525878906;51.52000045776367;49.959999084472656;50.7400016784668;2029200
2025-02-21;50.779998779296875;51.099998474121094;48.65999984741211;49.13999938964844;2616700
2025-02-24;49.47999954223633;50.380001068115234;47.54999923706055;50.16999816894531;6217000
2025-02-25;51.099998474121094;51.66999816894531;47.189998626708984;48.2400016784668;3164000
2025-02-26;47.599998474121094;48.290000915527344;47.15999984741211;47.880001068115234;2564800
2025-02-27;48.150001525878906;49.119998931884766;47.900001525878906;48.290000915527344;2094000
2025-02-28;48.099998474121094;49.2400016784668;47.56999969482422;49.029998779296875;2096300
2025-03-03;49.34000015258789;49.54999923706055;47.880001068115234;48.310001373291016;2372200
2025-03-04;47.90999984741211;50.27000045776367;47.84000015258789;49.34000015258789;2938300
2025-03-05;49.150001525878906;50.310001373291016;49.150001525878906;50.16999816894531;2595700
2025-03-06;49.45000076293945;50.2599983215332;49.2599983215332;50.040000915527344;3500500
2025-03-07;49.709999084472656;52.029998779296875;49.709999084472656;51.84000015258789;2486500
2025-03-10;51.41999816894531;52.880001068115234;50.9900016784668;51.15999984741211;3193800
2025-03-11;51.09000015258789;51.43000030517578;49.81999969482422;50.72999954223633;1974200
2025-03-12;50.9900016784668;51.02000045776367;49.560001373291016;50.650001525878906;1689700
2025-03-13;50.41999816894531;50.7400016784668;49.939998626708984;50.0099983215332;1227900
2025-03-14;50.22999954223633;50.880001068115234;50.0;50.65999984741211;1456100
2025-03-17;51.060001373291016;51.900001525878906;50.91999816894531;51.04999923706055;1620500
2025-03-18;50.75;51.09000015258789;50.2400016784668;50.91999816894531;1108200
2025-03-19;50.9900016784668;51.65999984741211;50.68000030517578;51.29999923706055;1251000
2025-03-20;50.709999084472656;51.0;49.880001068115234;50.040000915527344;1308400
2025-03-21;49.47999954223633;50.31999969482422;49.22999954223633;50.130001068115234;1193200
2025-03-24;50.58000183105469;51.45000076293945;50.58000183105469;51.34000015258789;989600
2025-03-25;51.5;51.720001220703125;51.0099983215332;51.43000030517578;704400
2025-03-26;51.47999954223633;51.9900016784668;50.66999816894531;50.97999954223633;703200
2025-03-27;51.060001373291016;51.29999923706055;50.41999816894531;51.18000030517578;837600
2025-03-28;50.790000915527344;51.279998779296875;50.22999954223633;50.349998474121094;900200
2025-03-31;49.970001220703125;50.15999984741211;49.459999084472656;49.810001373291016;1238600
2025-04-01;49.790000915527344;50.20000076293945;48.959999084472656;49.93000030517578;1028100
2025-04-02;49.220001220703125;53.88999938964844;49.220001220703125;53.779998779296875;3409700
2025-04-03;51.849998474121094;53.130001068115234;51.279998779296875;51.29999923706055;2353400
2025-04-04;49.630001068115234;49.83000183105469;47.5099983215332;47.540000915527344;2395400
2025-04-07;46.0;47.61000061035156;43.88999938964844;46.20000076293945;2179600
2025-04-08;48.33000183105469;48.59000015258789;46.2599983215332;46.75;2147500
2025-04-09;45.88999938964844;50.880001068115234;45.65999984741211;50.52000045776367;2226800
2025-04-10;49.52000045776367;50.02000045776367;47.869998931884766;48.95000076293945;1464400
2025-04-11;49.060001373291016;50.619998931884766;48.0;50.33000183105469;1064500
2025-04-14;50.61000061035156;50.630001068115234;49.4900016784668;50.58000183105469;1109700
2025-04-15;50.59000015258789;51.0099983215332;50.13999938964844;50.25;707400
2025-04-16;49.939998626708984;50.619998931884766;49.66999816894531;50.29999923706055;955000
2025-04-17;50.400001525878906;50.75;50.16999816894531;50.5099983215332;516100
2025-04-21;50.5099983215332;50.619998931884766;49.5;50.099998474121094;1400900
2025-04-22;50.75;51.290000915527344;50.310001373291016;50.79999923706055;808200
2025-04-23;52.209999084472656;52.79999923706055;51.380001068115234;51.75;1113400
2025-04-24;51.970001220703125;53.540000915527344;51.56999969482422;53.5;1439100
2025-04-25;53.540000915527344;53.83000183105469;52.720001220703125;53.04999923706055;1060800
2025-04-28;53.099998474121094;53.38999938964844;52.459999084472656;52.90999984741211;1185500
2025-04-29;52.810001373291016;53.18000030517578;52.400001525878906;52.880001068115234;781600
2025-04-30;52.560001373291016;52.97999954223633;51.86000061035156;52.810001373291016;966100
2025-05-01;53.06999969482422;53.439998626708984;52.119998931884766;52.52000045776367;1028800
2025-05-02;53.439998626708984;53.599998474121094;51.4900016784668;52.08000183105469;1914500
2025-05-05;51.810001373291016;52.15999984741211;51.16999816894531;51.56999969482422;2238100
2025-05-06;52.13999938964844;54.56999969482422;50.630001068115234;54.18000030517578;2685000
2025-05-07;54.0;54.65999984741211;52.779998779296875;54.41999816894531;4066100
2025-05-08;54.93000030517578;55.79999923706055;53.970001220703125;54.81999969482422;1958800
2025-05-09;54.970001220703125;55.400001525878906;54.09000015258789;55.20000076293945;1306800
2025-05-12;56.41999816894531;56.779998779296875;55.40999984741211;56.060001373291016;983100
2025-05-13;56.189998626708984;56.29999923706055;55.83000183105469;55.959999084472656;847100
2025-05-14;55.900001525878906;55.900001525878906;55.2400016784668;55.65999984741211;959300
2025-05-15;55.189998626708984;56.18000030517578;55.189998626708984;55.83000183105469;1380000
2025-05-16;55.790000915527344;56.400001525878906;55.58000183105469;56.119998931884766;1082600
2025-05-19;55.779998779296875;55.959999084472656;55.2400016784668;55.45000076293945;894000
2025-05-20;55.43000030517578;56.06999969482422;55.09000015258789;55.33000183105469;754500
2025-05-21;54.70000076293945;54.70000076293945;51.2599983215332;52.06999969482422;2862500
2025-05-22;52.220001220703125;52.7599983215332;51.900001525878906;52.34000015258789;1022400
2025-05-23;51.61000061035156;51.7400016784668;50.29999923706055;51.119998931884766;1175500
2025-05-27;50.81999969482422;52.630001068115234;50.779998779296875;52.439998626708984;1811100
2025-05-28;52.43000030517578;52.880001068115234;51.369998931884766;51.47999954223633;1471000
2025-05-29;51.810001373291016;51.810001373291016;51.279998779296875;51.43000030517578;1024000
2025-05-30;51.310001373291016;52.27000045776367;51.11000061035156;52.189998626708984;1445300
2025-06-02;51.810001373291016;51.83000183105469;50.529998779296875;51.09000015258789;1155300
2025-06-03;51.33000183105469;52.08000183105469;51.04999923706055;51.9900016784668;1230300
2025-06-04;52.13999938964844;52.599998474121094;51.93000030517578;52.0;870500
2025-06-05;52.189998626708984;52.439998626708984;51.810001373291016;52.34000015258789;1123700
2025-06-06;52.9900016784668;53.66999816894531;52.709999084472656;53.56999969482422;1212900
2025-06-09;53.95000076293945;54.08000183105469;52.7599983215332;52.849998474121094;1053600
2025-06-10;53.02000045776367;53.22999954223633;52.619998931884766;52.790000915527344;618400
2025-06-11;52.880001068115234;53.310001373291016;52.279998779296875;53.310001373291016;1275000
2025-06-12;52.779998779296875;53.720001220703125;52.529998779296875;53.689998626708984;849700
2025-06-13;53.66999816894531;54.380001068115234;53.11000061035156;53.459999084472656;942000
2025-06-16;53.79999923706055;53.959999084472656;52.86000061035156;53.11000061035156;899600
2025-06-17;52.970001220703125;53.459999084472656;52.720001220703125;52.97999954223633;697300
2025-06-18;52.880001068115234;53.5;52.619998931884766;52.779998779296875;734500
2025-06-20;50.66999816894531;51.0;48.25;48.93000030517578;5150100
2025-06-23;48.36000061035156;49.0;47.540000915527344;47.630001068115234;2381700
2025-06-24;48.369998931884766;48.369998931884766;46.90999984741211;47.81999969482422;2369600
2025-06-25;48.0;48.41999816894531;47.060001373291016;48.060001373291016;1776900
2025-06-26;48.47999954223633;49.470001220703125;48.150001525878906;49.029998779296875;1396600
2025-06-27;48.900001525878906;49.369998931884766;47.689998626708984;48.20000076293945;2198300
2025-06-30;48.22999954223633;48.40999984741211;47.70000076293945;47.939998626708984;1252000
2025-07-01;47.70000076293945;48.619998931884766;47.5099983215332;48.150001525878906;1718500
2025-07-02;47.5;47.65999984741211;46.540000915527344;47.45000076293945;1469000
2025-07-03;47.720001220703125;48.150001525878906;47.5099983215332;47.619998931884766;823800
2025-07-07;47.54999923706055;47.7599983215332;46.650001525878906;46.959999084472656;1983900
2025-07-08;47.040000915527344;47.75;46.959999084472656;47.36000061035156;1473700
2025-07-09;47.54999923706055;47.86000061035156;47.040000915527344;47.720001220703125;1198100
2025-07-10;47.29999923706055;47.599998474121094;47.0099983215332;47.13999938964844;1301000
2025-07-11;47.060001373291016;47.189998626708984;46.290000915527344;46.43000030517578;1077800
2025-07-14;46.29999923706055;47.040000915527344;46.130001068115234;46.880001068115234;1297800
2025-07-15;47.08000183105469;47.13999938964844;45.43000030517578;45.52000045776367;1268600
2025-07-16;45.56999969482422;46.790000915527344;45.54999923706055;46.77000045776367;1630600
2025-07-17;46.630001068115234;47.5;46.630001068115234;47.06999969482422;970500
2025-07-18;47.13999938964844;47.400001525878906;46.36000061035156;46.560001373291016;913500
2025-07-21;46.66999816894531;46.959999084472656;45.86000061035156;45.9900016784668;845900
2025-07-22;46.060001373291016;47.5099983215332;46.060001373291016;47.06999969482422;1722500
2025-07-23;47.599998474121094;47.93000030517578;47.29999923706055;47.540000915527344;844300
2025-07-24;47.150001525878906;47.540000915527344;46.70000076293945;47.09000015258789;1130500
2025-07-25;47.40999984741211;47.43000030517578;46.790000915527344;47.150001525878906;2181400
2025-07-28;47.45000076293945;47.599998474121094;45.9900016784668;46.619998931884766;1402400
2025-07-29;46.849998474121094;46.9900016784668;46.38999938964844;46.58000183105469;1270500
2025-07-30;46.75;46.75;45.33000183105469;45.52000045776367;1906100
2025-07-31;45.61000061035156;46.90999984741211;44.380001068115234;46.7400016784668;3400500
2025-08-01;46.43000030517578;46.880001068115234;45.47999954223633;46.4900016784668;2488700
2025-08-04;46.5099983215332;48.2599983215332;46.459999084472656;48.08000183105469;1663500
2025-08-05;48.209999084472656;49.779998779296875;48.18000030517578;49.650001525878906;2228300
2025-08-06;49.38999938964844;49.81999969482422;49.220001220703125;49.619998931884766;2293300
2025-08-07;50.029998779296875;50.61000061035156;49.68000030517578;49.849998474121094;1806200
2025-08-08;49.81999969482422;50.380001068115234;49.59000015258789;49.880001068115234;1643900
2025-08-11;49.90999984741211;50.5099983215332;49.310001373291016;49.34000015258789;1572900
2025-08-12;49.40999984741211;49.86000061035156;49.0;49.790000915527344;968600
2025-08-13;49.0;50.650001525878906;48.29999923706055;50.459999084472656;1784400
2025-08-14;50.27000045776367;50.66999816894531;49.77000045776367;49.83000183105469;1020400
2025-08-15;50.0099983215332;50.0099983215332;48.95000076293945;49.599998474121094;1135400
2025-08-18;49.70000076293945;50.130001068115234;49.29999923706055;49.779998779296875;1290200
2025-08-19;49.83000183105469;50.220001220703125;49.56999969482422;49.869998931884766;866400
2025-08-20;49.900001525878906;50.04999923706055;49.33000183105469;49.619998931884766;1008500
2025-08-21;49.439998626708984;49.95000076293945;49.41999816894531;49.599998474121094;749900
2025-08-22;49.869998931884766;51.06999969482422;49.869998931884766;51.060001373291016;934600
2025-08-25;51.0;51.279998779296875;50.720001220703125;50.9900016784668;1081000
2025-08-26;50.880001068115234;51.66999816894531;50.880001068115234;51.189998626708984;1194000
2025-08-27;51.13999938964844;51.970001220703125;51.11000061035156;51.61000061035156;1364700
2025-08-28;51.63999938964844;52.08000183105469;50.630001068115234;51.279998779296875;1081500
2025-08-29;51.20000076293945;51.439998626708984;50.41999816894531;50.459999084472656;978600
2025-09-02;50.25;50.54999923706055;49.880001068115234;50.2400016784668;1299600
2025-09-03;50.040000915527344;50.27000045776367;49.27000045776367;50.02000045776367;1242700
2025-09-04;49.88999938964844;50.119998931884766;48.79999923706055;48.939998626708984;1343000
2025-09-05;49.209999084472656;49.93000030517578;49.13999938964844;49.65999984741211;839800
2025-09-08;49.41999816894531;49.5;48.41999816894531;49.27000045776367;1024300
2025-09-09;49.290000915527344;49.470001220703125;48.959999084472656;49.310001373291016;736400
2025-09-10;49.20000076293945;49.88999938964844;48.849998474121094;49.810001373291016;1031800
2025-09-11;49.849998474121094;50.119998931884766;49.130001068115234;49.47999954223633;2070600
2025-09-12;49.459999084472656;50.150001525878906;49.130001068115234;49.38999938964844;840900
2025-09-15;49.09000015258789;49.5099983215332;48.779998779296875;48.779998779296875;799500
2025-09-16;48.540000915527344;48.81999969482422;48.15999984741211;48.220001220703125;720800
2025-09-17;48.45000076293945;49.810001373291016;48.45000076293945;48.79999923706055;879900
2025-09-18;49.09000015258789;49.619998931884766;48.619998931884766;49.369998931884766;1066500
2025-09-19;49.459999084472656;49.459999084472656;48.52000045776367;48.77000045776367;1789900
2025-09-22;48.59000015258789;48.79999923706055;47.849998474121094;48.65999984741211;888200
2025-09-23;48.810001373291016;49.2400016784668;47.70000076293945;47.84000015258789;1136300
2025-09-24;52.150001525878906;52.22999954223633;49.25;49.5099983215332;3231300
2025-09-25;49.279998779296875;49.599998474121094;46.16999816894531;47.0;3123000
2025-09-26;47.27000045776367;47.959999084472656;46.75;47.349998474121094;1149300
2025-09-29;47.54999923706055;47.65999984741211;46.880001068115234;46.939998626708984;1049500
2025-09-30;46.84000015258789;47.31999969482422;46.5099983215332;47.290000915527344;1028000
2025-10-01;46.90999984741211;48.33000183105469;46.810001373291016;47.77000045776367;959800
2025-10-02;47.540000915527344;48.119998931884766;46.880001068115234;47.119998931884766;943000
2025-10-03;47.20000076293945;47.56999969482422;46.90999984741211;47.41999816894531;1145200
2025-10-06;47.470001220703125;48.130001068115234;47.27000045776367;47.45000076293945;1060200
2025-10-07;47.619998931884766;47.619998931884766;46.47999954223633;46.83000183105469;911100
2025-10-08;46.959999084472656;47.119998931884766;46.65999984741211;46.88999938964844;560800
2025-10-09;46.900001525878906;46.959999084472656;45.2400016784668;45.2599983215332;1082000
2025-10-10;45.470001220703125;45.47999954223633;42.939998626708984;43.25;2051000
2025-10-13;43.369998931884766;45.029998779296875;43.369998931884766;44.709999084472656;2083900
2025-10-14;44.310001373291016;44.970001220703125;44.11000061035156;44.88999938964844;1068300
2025-10-15;45.130001068115234;45.279998779296875;43.779998779296875;44.11000061035156;1005600
2025-10-16;44.34000015258789;44.59000015258789;43.540000915527344;43.7599983215332;887500
2025-10-17;43.40999984741211;43.54999923706055;42.939998626708984;43.380001068115234;818400
2025-10-20;43.59000015258789;44.09000015258789;43.34000015258789;43.52000045776367;1166400
2025-10-21;43.529998779296875;44.83000183105469;43.33000183105469;44.5;1449400
2025-10-22;44.560001373291016;44.900001525878906;43.279998779296875;43.369998931884766;1218600
2025-10-23;43.650001525878906;44.720001220703125;43.45000076293945;44.369998931884766;1628800
2025-10-24;44.63999938964844;44.63999938964844;43.650001525878906;44.08000183105469;1665600
2025-10-27;44.13999938964844;44.13999938964844;43.41999816894531;43.79999923706055;1460000
2025-10-28;43.720001220703125;43.88999938964844;42.939998626708984;43.04999923706055;1276600
2025-10-29;42.88999938964844;43.529998779296875;42.7400016784668;42.88999938964844;1505600
2025-10-30;42.27000045776367;43.189998626708984;40.709999084472656;41.5099983215332;3192500
2025-10-31;41.7400016784668;43.290000915527344;41.5;42.84000015258789;2822200
2025-11-03;42.65999984741211;42.939998626708984;41.40999984741211;41.650001525878906;1504200
2025-11-04;41.2599983215332;42.459999084472656;41.0099983215332;42.400001525878906;1522700
2025-11-05;42.439998626708984;43.43000030517578;42.22999954223633;42.77000045776367;1296600
2025-11-06;42.77000045776367;42.959999084472656;41.310001373291016;41.68000030517578;1202700
2025-11-07;41.290000915527344;42.65999984741211;41.119998931884766;42.619998931884766;1380300
2025-11-10;43.0;43.2599983215332;41.709999084472656;42.38999938964844;843400
2025-11-11;42.38999938964844;42.7599983215332;42.09000015258789;42.43000030517578;647000
2025-11-12;42.529998779296875;43.11000061035156;42.45000076293945;42.529998779296875;673300
2025-11-13;42.11000061035156;42.91999816894531;42.0;42.2599983215332;824900
2025-11-14;41.560001373291016;42.08000183105469;41.41999816894531;42.06999969482422;841200
2025-11-17;41.88999938964844;42.04999923706055;40.470001220703125;40.58000183105469;1174400
2025-11-18;40.540000915527344;40.90999984741211;40.33000183105469;40.790000915527344;740000
2025-11-19;40.720001220703125;41.02000045776367;40.040000915527344;40.5;927800
2025-11-20;41.0;41.189998626708984;39.7599983215332;39.779998779296875;932000
2025-11-21;39.849998474121094;40.88999938964844;39.650001525878906;40.31999969482422;1557000
2025-11-24;40.189998626708984;40.459999084472656;39.61000061035156;39.84000015258789;1136600
2025-11-25;40.0;40.86000061035156;40.0;40.7400016784668;1441900
2025-11-26;40.84000015258789;41.369998931884766;40.66999816894531;40.77000045776367;1058700
2025-11-28;40.810001373291016;41.27000045776367;40.779998779296875;41.220001220703125;529700
2025-12-01;40.97999954223633;42.18000030517578;40.880001068115234;41.77000045776367;1614000
2025-12-02;42.560001373291016;44.310001373291016;42.209999084472656;43.68000030517578;2491400
2025-12-03;43.81999969482422;44.2599983215332;43.33000183105469;43.77000045776367;1179200
2025-12-04;43.959999084472656;45.33000183105469;43.880001068115234;44.59000015258789;1762400
2025-12-05;44.119998931884766;44.47999954223633;43.279998779296875;44.29999923706055;1270900
2025-12-08;44.22999954223633;44.5099983215332;43.41999816894531;43.61000061035156;1035800
2025-12-09;43.470001220703125;43.9900016784668;43.400001525878906;43.599998474121094;726800
2025-12-10;43.61000061035156;43.959999084472656;43.150001525878906;43.599998474121094;997700
2025-12-11;43.720001220703125;44.52000045776367;43.68000030517578;44.02000045776367;984400
2025-12-12;44.18000030517578;44.33000183105469;43.470001220703125;43.47999954223633;850600
2025-12-15;43.7400016784668;44.290000915527344;42.88999938964844;43.08000183105469;1937500
2025-12-16;42.97999954223633;43.060001373291016;42.22999954223633;42.59000015258789;2228600
2025-12-17;42.5099983215332;43.4900016784668;42.369998931884766;42.88999938964844;1002300
2025-12-18;43.290000915527344;43.54999923706055;42.720001220703125;42.79999923706055;983800
2025-12-19;41.68000030517578;41.7400016784668;40.04999923706055;40.29999923706055;5408300
2025-12-22;40.52000045776367;40.97999954223633;39.81999969482422;40.130001068115234;1820900
2025-12-23;40.25;40.43000030517578;39.52000045776367;39.97999954223633;1328600
2025-12-24;39.900001525878906;40.459999084472656;39.54999923706055;40.22999954223633;577100
2025-12-26;40.13999938964844;40.58000183105469;40.0;40.220001220703125;646100
2025-12-29;40.15999984741211;40.400001525878906;39.97999954223633;40.209999084472656;2141900
2025-12-30;40.20000076293945;40.72999954223633;39.959999084472656;40.650001525878906;1159700
2025-12-31;40.52000045776367;40.7599983215332;40.18000030517578;40.20000076293945;850600
2026-01-02;40.15999984741211;40.75;40.0099983215332;40.5099983215332;1778500
2026-01-05;41.380001068115234;43.470001220703125;41.2599983215332;43.22999954223633;2531100
2026-01-06;43.0;43.25;41.97999954223633;43.0;2027600
2026-01-07;43.18000030517578;43.36000061035156;42.0;42.25;1457700
2026-01-08;42.77000045776367;44.20000076293945;42.63999938964844;43.689998626708984;1513600
2026-01-09;43.75;44.59000015258789;43.630001068115234;44.36000061035156;1153300
2026-01-12;44.36000061035156;44.630001068115234;44.09000015258789;44.290000915527344;1128400
2026-01-13;44.54999923706055;44.869998931884766;43.7400016784668;44.0099983215332;1307300
2026-01-14;44.11000061035156;44.380001068115234;43.65999984741211;44.02000045776367;1441600
2026-01-15;44.06999969482422;45.369998931884766;43.91999816894531;44.97999954223633;1446900
2026-01-16;44.79999923706055;44.79999923706055;43.97999954223633;44.68000030517578;1039300
2026-01-20;44.0;44.439998626708984;43.27000045776367;43.47999954223633;949600
2026-01-21;43.86000061035156;44.56999969482422;43.5;44.31999969482422;885300
2026-01-22;44.5;44.689998626708984;44.0099983215332;44.439998626708984;838600
2026-01-23;44.83000183105469;45.36000061035156;44.06999969482422;44.369998931884766;1452300
2026-01-26;44.45000076293945;44.689998626708984;42.869998931884766;43.43000030517578;855900
2026-01-27;43.2599983215332;43.470001220703125;42.81999969482422;43.150001525878906;623400
2026-01-28;43.290000915527344;43.380001068115234;42.81999969482422;43.15999984741211;767600
2026-01-29;43.529998779296875;43.79999923706055;42.7400016784668;43.22999954223633;2496400
2026-01-30;43.0;43.40999984741211;42.15999984741211;42.810001373291016;1200700
2026-02-02;42.540000915527344;42.939998626708984;42.119998931884766;42.52000045776367;1463100
2026-02-03;42.43000030517578;42.75;41.06999969482422;41.630001068115234;1184600
2026-02-04;41.79999923706055;42.93000030517578;41.70000076293945;42.63999938964844;1611200
2026-02-05;42.86000061035156;43.130001068115234;41.77000045776367;42.099998474121094;1456700
2026-02-06;42.38999938964844;43.630001068115234;42.38999938964844;43.4900016784668;1493100
2026-02-09;43.38999938964844;44.470001220703125;43.279998779296875;44.119998931884766;1307700
2026-02-10;44.150001525878906;44.369998931884766;43.4900016784668;43.79999923706055;929500
2026-02-11;43.790000915527344;43.91999816894531;40.470001220703125;40.900001525878906;1929500
2026-02-12;41.0099983215332;41.810001373291016;39.43000030517578;40.150001525878906;1244400
2026-02-13;40.380001068115234;41.540000915527344;40.099998474121094;41.29999923706055;965300
2026-02-17;41.400001525878906;41.959999084472656;40.54999923706055;41.2599983215332;1628400
2026-02-18;41.4900016784668;42.40999984741211;41.0;42.150001525878906;1114700
2026-02-19;42.2400016784668;43.189998626708984;42.220001220703125;43.029998779296875;1337600
2026-02-20;42.810001373291016;43.2400016784668;42.150001525878906;42.709999084472656;1151000
2026-02-23;42.279998779296875;42.650001525878906;40.22999954223633;40.33000183105469;874700
2026-02-24;40.58000183105469;40.709999084472656;40.09000015258789;40.400001525878906;1075800
2026-02-25;40.88999938964844;41.22999954223633;40.40999984741211;40.810001373291016;2236000
2026-02-26;42.40999984741211;42.459999084472656;39.38999938964844;42.040000915527344;2263800
2026-02-27;41.65999984741211;42.619998931884766;41.22999954223633;42.22999954223633;1442700
2026-03-02;42.2599983215332;42.2599983215332;40.650001525878906;41.54999923706055;1629800
2026-03-03;40.54999923706055;41.560001373291016;39.790000915527344;40.97999954223633;1457600
2026-03-04;40.790000915527344;41.27000045776367;39.81999969482422;40.529998779296875;2751900
2026-03-05;40.2400016784668;40.70000076293945;39.79999923706055;40.130001068115234;1090500
2026-03-06;39.7599983215332;40.47999954223633;39.20000076293945;40.0;2291000
2026-03-09;39.83000183105469;39.83000183105469;38.27000045776367;39.380001068115234;2113800
2026-03-10;39.439998626708984;39.65999984741211;37.209999084472656;37.869998931884766;2122800
2026-03-11;37.810001373291016;38.02000045776367;37.310001373291016;37.65999984741211;1080400
2026-03-12;37.36000061035156;38.689998626708984;36.709999084472656;36.790000915527344;1408800
2026-03-13;36.790000915527344;37.0099983215332;36.349998474121094;36.650001525878906;1157500
2026-03-16;36.560001373291016;37.040000915527344;36.33000183105469;36.560001373291016;1380400
2026-03-17;36.810001373291016;37.279998779296875;36.70000076293945;37.119998931884766;934200
2026-03-18;36.880001068115234;37.529998779296875;36.52000045776367;36.529998779296875;940300
2026-03-19;36.290000915527344;37.36000061035156;36.189998626708984;37.09000015258789;1627700
2026-03-20;37.25;37.54999923706055;36.939998626708984;37.290000915527344;2555900
2026-03-23;38.06999969482422;38.34000015258789;37.5099983215332;37.84000015258789;1496400
2026-03-24;37.38999938964844;37.849998474121094;37.040000915527344;37.459999084472656;1208400
2026-03-25;37.79999923706055;38.130001068115234;36.38999938964844;37.7400016784668;1183700
2026-03-26;37.54999923706055;38.16999816894531;37.439998626708984;37.529998779296875;984100
2026-03-27;37.52000045776367;37.790000915527344;36.93000030517578;37.0;1835100
2026-03-30;37.279998779296875;37.41999816894531;35.66999816894531;35.810001373291016;1607800
2026-03-31;36.08000183105469;37.060001373291016;35.619998931884766;36.86000061035156;1643400
2026-04-01;36.939998626708984;37.709999084472656;36.61000061035156;37.52000045776367;1174600
2026-04-02;37.11000061035156;38.70000076293945;36.86000061035156;38.04999923706055;939800
2026-04-06;37.93000030517578;38.18000030517578;37.52000045776367;37.630001068115234;1136700
2026-04-07;37.529998779296875;38.130001068115234;37.310001373291016;37.75;782300
2026-04-08;38.56999969482422;39.70000076293945;38.27000045776367;38.29999923706055;1372900
2026-04-09;38.310001373291016;38.310001373291016;37.029998779296875;37.5;1464200
2026-04-10;37.54999923706055;37.59000015258789;36.38999938964844;36.66999816894531;2001800
2026-04-13;36.47999954223633;37.47999954223633;36.40999984741211;36.88999938964844;1460300
2026-04-14;36.90999984741211;37.20000076293945;36.34000015258789;36.36000061035156;2260100
2026-04-15;36.4900016784668;37.15999984741211;36.439998626708984;36.70000076293945;1210900
2026-04-16;36.790000915527344;37.220001220703125;36.619998931884766;36.689998626708984;1219300
2026-04-17;36.779998779296875;37.560001373291016;36.06999969482422;36.41999816894531;1486800
2026-04-20;36.349998474121094;36.79999923706055;36.25;36.459999084472656;1499200
2026-04-21;36.52000045776367;37.31999969482422;36.38999938964844;36.709999084472656;1247300
2026-04-22;36.900001525878906;37.459999084472656;35.77000045776367;36.0;1072400
2026-04-23;35.959999084472656;36.060001373291016;34.869998931884766;35.22999954223633;1559600
